393,220,3,235,334,94,311,62, 
305,203,2,246,260,76,155,158, 
200,305,274,63,22,353,374,5, 
179,305,35,274,80,206,297,8, 
372,236,1,24,346,71,37,164, 
274,161,298,130,77,78,381,138, 
353,193,295,289,16,129,383,107, 
352,250,121,306,341,395,139,125, 
2,209,76,167,305,42,389,343, 
337,106,46,129,35,215,168,333, 
372,145,120,386,162,322,348,51, 
204,188,289,31,211,313,169,154, 
208,193,109,101,8,180,363,201, 
293,68,79,207,338,128,275,43, 
356,366,390,369,281,177,106,22, 
22,370,68,286,247,215,100,82, 
295,73,177,291,284,38,55,275, 
127,375,388,372,79,358,181,379, 
224,143,219,397,139,18,58,274, 
332,324,193,140,238,351,120,298, 
23,363,399,324,114,337,371,303, 
284,369,322,42,226,384,62,128, 
259,237,355,362,182,356,141,323, 
16,339,338,42,159,342,49,303, 
37,16,382,336,246,357,337,363, 
163,321,338,14,295,236,279,187, 
379,80,249,204,347,50,131,45, 
253,311,76,328,104,96,383,170, 
87,386,283,201,181,5,36,216, 
201,188,371,248,313,316,80,289, 
247,252,114,83,308,273,387,370, 
3,143,249,149,265,296,20,155, 
265,371,118,296,287,314,60,92, 
157,224,37,299,322,104,261,387, 
169,227,179,195,329,78,347,326, 
340,383,138,51,26,306,373,155, 
118,55,67,34,281,384,117,367, 
345,362,346,161,265,327,204,288, 
186,216,179,199,327,338,76,75, 
157,52,53,297,214,182,151,224, 
13,152,391,214,126,109,130,201, 
81,57,370,146,213,147,238,286, 
8,388,350,350,19,194,363,134, 
62,316,25,161,105,162,314,37, 
182,71,224,353,133,377,340,273, 
334,187,232,250,163,268,181,227, 
332,34,366,240,316,183,308,108, 
35,341,255,91,54,185,347,11, 
38,229,25,264,272,147,76,16, 
1,194,315,14,79,337,313,350, 
239,138,341,35,210,67,27,282, 
152,41,301,10,328,346,248,358, 
277,338,365,77,280,368,276,253, 
137,224,314,339,278,48,54,269, 
59,220,189,339,187,48,333,128, 
196,56,136,392,191,118,72,365, 
114,48,360,289,259,270,132,23, 
169,44,239,84,304,19,57,118, 
89,359,230,356,53,148,207,256, 
174,20,311,121,241,36,119,241, 
383,263,31,47,219,257,32,71, 
82,179,395,384,70,240,379,258, 
243,327,343,196,305,279,117,399, 
45,375,380,108,30,213,373,73, 
315,386,229,49,284,238,110,69, 
386,128,277,340,167,149,113,30, 
124,240,382,297,55,116,195,359, 
127,85,55,138,120,209,38,333, 
350,29,113,50,8,278,86,105, 
0,353,73,118,21,16,244,296, 
143,322,125,7,397,346,245,162, 
30,123,70,101,120,31,370,160, 
163,385,186,96,142,310,384,92, 
392,149,373,298,113,192,277,373, 
146,358,241,385,43,66,110,247, 
218,371,207,338,372,175,316,195, 
263,56,371,181,132,103,3,135, 
272,133,22,193,231,291,147,94, 
113,111,265,42,48,121,179,284, 
130,377,180,203,309,191,229,286, 
182,106,21,105,75,178,50,181, 
304,275,310,259,345,138,172,126, 
103,49,51,263,153,107,209,23, 
298,158,108,28,394,287,31,65, 
29,1,370,358,279,386,50,306, 
298,367,337,310,286,71,171,12, 
42,108,104,30,43,147,88,270, 
44,108,221,200,326,70,169,24, 
152,351,292,60,270,398,145,203, 
329,381,127,57,219,206,70,283, 
111,193,371,322,131,258,59,103, 
152,351,77,61,319,237,256,332, 
301,338,219,73,361,49,123,238, 
330,253,187,116,293,318,233,94, 
341,10,57,78,79,302,130,243, 
309,399,231,267,163,390,210,166, 
391,142,301,345,88,146,379,218, 
277,215,141,73,388,249,117,238, 
393,156,252,292,191,218,373,350, 
46,302,397,64,311,235,285,146, 
289,13,339,223,283,265,13,367, 
379,333,352,112,100,178,176,347, 
140,137,387,343,362,56,5,267, 
342,304,191,225,195,158,283,130, 
145,218,140,295,130,13,19,166, 
224,364,266,79,224,298,104,73, 
299,286,121,370,228,393,325,83, 
26,195,398,277,249,75,54,345, 
66,26,323,288,97,314,21,312, 
190,379,332,217,177,46,393,114, 
58,117,174,293,184,122,391,13, 
10,197,201,162,211,340,273,46, 
17,142,259,392,255,114,191,32, 
264,234,23,159,315,398,267,85, 
347,331,161,44,383,382,366,159, 
13,77,335,83,98,29,45,268, 
374,304,277,6,56,33,47,321, 
338,260,310,387,201,139,322,289, 
261,365,146,209,312,336,244,76, 
266,161,393,75,215,268,328,282, 
197,101,323,104,300,289,228,268, 
303,196,142,5,227,149,99,250, 
151,341,35,317,342,22,219,208, 
6,125,310,70,110,84,323,373, 
166,163,165,194,77,50,120,214, 
335,236,280,27,58,58,242,188, 
274,125,394,62,159,183,205,130, 
21,29,311,68,246,194,370,269, 
159,35,363,266,37,161,196,381, 
130,379,123,136,144,184,201,322, 
168,215,291,257,289,159,156,43, 
85,229,353,28,246,345,290,224, 
187,115,87,384,365,382,349,35, 
139,249,117,177,13,183,67,101, 
10,200,215,108,58,277,39,31, 
161,149,355,204,313,217,223,88, 
61,276,168,81,112,62,104,79, 
189,336,302,275,140,86,103,68, 
93,266,115,39,290,385,39,8, 
278,41,185,360,321,298,218,85, 
123,168,21,347,222,390,340,58, 
294,222,56,52,281,144,355,274, 
285,318,133,365,3,16,0,19, 
155,47,142,50,344,98,92,139, 
90,163,242,326,59,306,279,156, 
377,264,175,1,387,59,278,40, 
356,387,101,299,351,268,392,131, 
83,338,5,263,373,330,206,66, 
209,118,39,208,275,147,153,46, 
191,130,382,115,359,70,289,20, 
111,61,123,65,50,345,150,196, 
106,321,271,0,7,258,148,148, 
1,370,246,187,316,302,135,213, 
73,4,27,70,232,86,206,244, 
198,232,372,372,194,90,24,282, 
323,126,323,293,373,367,104,338, 
30,32,135,103,384,126,373,233, 
6,384,198,217,364,186,386,112, 
121,350,28,184,243,85,220,359, 
117,45,146,193,169,364,221,269, 
36,236,108,31,47,132,325,29, 
379,179,163,128,52,176,398,12, 
253,115,102,220,391,204,316,280, 
172,262,81,170,10,37,327,246, 
308,345,358,246,268,231,383,132, 
250,370,381,336,221,198,136,392, 
359,235,386,170,282,383,264,14, 
144,361,24,215,219,115,308,377, 
308,318,47,126,9,145,177,100, 
45,377,316,42,299,28,225,139, 
198,365,19,65,24,393,70,11, 
120,368,116,336,357,318,142,271, 
25,39,170,365,249,292,238,29, 
178,10,36,270,44,162,82,104, 
278,196,173,4,97,375,276,364, 
167,140,291,347,341,384,5,116, 
8,80,346,91,193,12,382,257, 
7,336,398,135,279,318,313,142, 
127,212,159,180,130,196,241,90, 
350,322,309,211,394,104,243,373, 
350,129,131,345,79,111,236,155, 
225,10,46,72,57,176,380,78, 
188,210,72,132,160,338,204,17, 
101,134,357,252,233,86,251,146, 
81,256,323,93,395,253,6,135, 
21,202,210,205,15,143,31,60, 
34,126,334,304,256,143,190,381, 
312,346,227,371,52,19,398,173, 
316,139,375,280,382,238,249,117, 
109,91,212,26,165,1,142,196, 
57,127,84,169,192,85,159,251, 
222,284,18,145,281,35,219,336, 
164,374,175,321,127,274,175,7, 
117,147,32,136,299,214,373,127, 
148,199,9,73,64,172,288,340, 
359,230,85,43,204,383,367,79, 
54,26,19,164,255,201,262,112, 
252,151,183,206,62,392,202,89, 
213,59,373,329,320,86,393,366, 
227,243,324,122,229,50,217,336, 
254,188,248,363,370,146,184,123, 
230,208,370,327,12,243,52,7, 
287,63,389,342,270,343,188,91, 
329,121,348,47,261,244,198,324, 
246,113,45,259,3,312,95,117, 
198,328,93,236,64,122,300,233, 
207,246,42,24,156,197,195,373, 
203,111,387,148,280,55,27,196, 
88,374,147,182,217,273,285,257, 
164,285,20,26,48,2,350,0, 
32,225,175,295,353,311,309,150, 
0,189,320,7,172,200,25,335, 
301,238,99,257,220,123,309,246, 
295,118,212,272,11,355,121,325, 
30,221,344,297,344,377,317,393, 
324,219,259,68,380,237,79,103, 
262,245,375,382,263,398,342,62, 
43,209,79,299,131,330,265,226, 
98,178,153,328,150,27,12,289, 
89,172,323,109,253,32,231,288, 
19,32,160,56,200,293,87,163, 
89,304,386,73,186,205,373,260, 
78,75,125,183,264,153,62,224, 
229,383,213,218,327,130,42,169, 
346,183,364,136,176,3,66,183, 
13,87,6,304,55,394,111,292, 
210,231,272,238,317,151,331,57, 
367,6,203,304,359,360,82,216, 
144,200,289,200,346,108,382,332, 
250,41,3,285,198,303,337,130, 
171,252,277,302,278,150,51,352, 
189,336,341,271,134,225,98,235, 
393,115,16,127,260,33,87,199, 
66,381,213,228,231,166,336,13, 
75,26,303,178,114,124,144,111, 
62,243,46,346,18,219,189,394, 
315,41,153,207,247,321,325,179, 
218,49,64,367,325,196,34,222, 
127,375,204,88,162,286,179,367, 
221,8,236,193,272,127,385,105, 
355,66,228,221,259,311,379,54, 
160,344,296,152,169,344,247,251, 
159,7,21,357,390,98,128,21, 
184,68,380,191,140,48,271,231, 
318,301,171,5,320,294,0,392, 
48,212,340,13,302,334,295,27, 
317,341,251,61,197,373,284,266, 
215,237,320,317,361,320,376,31, 
61,297,244,9,336,399,113,287, 
397,174,300,50,367,148,68,299, 
29,27,113,269,174,85,24,224, 
341,141,0,382,194,383,99,258, 
140,353,321,391,130,341,89,345, 
211,393,274,344,333,119,332,275, 
371,67,86,51,100,367,30,111, 
21,365,25,242,300,391,217,127, 
175,347,171,102,28,82,19,94, 
249,334,125,314,89,382,311,283, 
307,189,133,92,317,248,130,40, 
72,135,38,68,144,22,302,56, 
162,141,1,193,331,27,117,178, 
310,392,275,167,12,192,376,314, 
289,342,259,131,186,227,81,158, 
265,3,122,130,251,352,43,372, 
389,263,177,271,2,270,182,112, 
341,49,5,13,31,10,25,296, 
355,144,214,271,308,227,30,1, 
295,144,283,350,1,240,249,389, 
258,267,293,34,107,296,34,250, 
219,346,230,59,169,81,99,338, 
354,109,220,366,6,211,367,256, 
287,4,305,106,35,273,111,186, 
393,236,147,208,115,335,185,205, 
240,103,38,210,214,166,262,186, 
163,373,140,206,101,342,359,100, 
328,105,120,222,268,31,26,49, 
13,115,381,68,166,282,55,30, 
265,160,311,366,86,23,177,96, 
71,170,397,74,219,347,218,237, 
141,204,378,64,118,120,72,308, 
114,304,372,359,244,287,164,39, 
197,288,379,80,125,121,329,395, 
121,343,142,379,350,222,367,35, 
250,76,46,196,289,219,75,98, 
137,60,165,200,156,286,236,341, 
62,304,50,201,322,340,371,126, 
286,397,65,319,218,219,204,298, 
80,293,337,337,136,334,38,38, 
181,111,148,9,264,75,307,53, 
383,392,246,66,146,176,82,7, 
383,373,198,269,12,24,155,355, 
363,305,64,86,168,152,66,387, 
312,38,379,329,264,303,49,293, 
145,83,290,170,137,59,160,165, 
337,12,281,0,216,71,396,35, 
209,179,225,61,392,369,325,42, 
316,288,291,340,47,231,144,151, 
394,27,57,94,283,322,181,260, 
107,29,88,53,189,264,6,332, 
184,26,158,361,12,116,294,71, 
245,18,137,31,63,399,320,246, 
290,363,261,148,36,314,54,281, 
395,289,89,396,14,48,76,288, 
51,240,292,226,90,195,43,33, 
167,392,270,326,30,321,1,390, 
232,342,35,41,324,162,364,240, 
209,234,144,355,13,41,112,186, 
74,340,330,226,353,102,117,225, 
377,187,69,140,122,150,52,114, 
254,366,41,239,246,80,202,267, 
65,359,167,7,53,313,364,180, 
143,281,155,115,321,12,109,337, 
263,366,24,186,268,224,76,264, 
99,184,40,139,139,268,185,331, 
55,280,369,28,233,188,339,338, 
220,340,14,378,23,164,352,394, 
3,100,145,360,344,54,222,159, 
163,277,102,222,201,246,76,61, 
243,19,297,152,229,296,17,88, 
305,27,383,11,190,336,156,218, 
139,119,355,223,202,327,327,99, 
27,363,4,310,2,250,233,29, 
245,393,18,298,66,131,19,44, 
320,327,81,11,128,308,399,304, 
248,302,45,19,86,150,245,85, 
65,302,268,86,209,243,19,100, 
18,145,260,319,246,207,259,327, 
139,243,236,172,334,112,268,282, 
231,315,110,309,296,191,370,323, 
353,126,40,78,199,23,49,280, 
240,323,184,385,227,12,263,275, 
85,97,385,269,178,226,211,100, 
239,326,95,300,371,134,52,388, 
83,19,397,192,258,182,119,29, 
399,145,145,200,50,369,183,327, 
334,269,104,323,88,45,272,127, 
317,154,351,296,303,221,229,354, 
138,322,201,61,140,7,130,103, 
334,175,358,341,265,171,155,337, 
146,49,157,116,120,133,378,270, 
389,235,184,20,216,360,285,50, 
155,373,239,11,297,33,295,305, 
54,163,362,363,221,122,63,397, 
78,34,146,244,280,227,299,104, 
363,177,300,205,120,114,99,120, 
366,224,184,99,34,13,15,19, 
185,376,7,231,241,13,310,307, 
191,265,360,15,322,240,175,260, 
387,314,224,195,283,222,281,281, 
228,357,225,17,151,250,29,21, 
246,136,308,253,307,170,77,170, 
300,113,262,15,43,88,284,361, 
292,103,223,93,158,78,256,202, 
212,48,122,181,265,263,268,223, 
129,212,198,358,106,211,255,364, 
44,155,60,164,373,305,71,398, 
150,196,33,384,186,121,197,262, 
264,320,128,48,48,280,210,192, 
375,396,126,41,327,359,376,15, 
269,58,364,166,79,8,119,26, 
315,388,366,361,60,365,256,178, 
219,47,57,330,216,269,243,88, 
277,178,204,141,359,153,201,131, 
374,17,321,45,276,381,211,125, 
63,129,77,221,296,39,282,52, 
65,340,339,114,204,352,108,101, 
301,6,165,290,252,299,80,381, 
27,247,95,153,20,126,229,105, 
67,325,295,227,105,91,164,310, 
333,372,158,176,219,389,256,9, 
67,13,211,21,154,388,399,323, 
385,326,114,289,182,244,171,210, 
65,47,30,48,33,46,349,69, 
262,89,83,27,360,278,146,153, 
10,55,212,42,31,216,203,72, 
350,288,399,23,83,397,276,213, 
398,327,126,307,82,31,348,228, 
311,297,221,360,200,142,28,4, 
88,319,230,66,388,60,282,286, 
392,284,399,384,297,246,265,169, 
32,302,172,139,229,365,18,385, 
102,214,257,357,255,345,229,341, 
209,7,342,187,233,280,233,216, 
237,259,305,395,255,262,68,200, 
371,74,80,376,300,11,102,53, 
145,111,44,371,99,0,303,297, 
269,152,10,46,254,180,253,382, 
237,186,251,222,149,192,111,143, 
252,16,357,75,192,389,184,368, 
193,1,42,4,285,390,280,141, 
77,260,75,83,390,211,42,41, 
306,91,219,59,115,64,73,2, 
22,364,307,4,258,198,268,2, 
129,134,15,11,339,121,173,162, 
229,381,352,345,17,255,202,333, 
89,69,121,102,172,34,277,185, 
178,231,264,98,134,126,352,237, 
281,190,181,96,288,200,68,333, 
105,27,195,153,21,273,109,137, 
175,53,276,34,141,127,359,391, 
