194,341,382,209,358,103,359,338, 
76,259,210,178,92,284,173,85, 
187,280,151,142,277,187,264,327, 
61,325,222,57,258,204,305,257, 
31,90,101,245,243,285,346,329, 
234,113,150,122,363,18,141,291, 
178,44,52,61,225,215,97,200, 
391,357,302,383,236,60,196,95, 
21,23,304,83,42,302,227,204, 
105,154,195,78,226,218,334,8, 
112,200,379,251,12,309,299,397, 
160,8,364,214,63,53,222,143, 
375,336,110,346,78,352,60,167, 
387,366,8,99,289,356,127,195, 
389,105,12,106,294,62,121,266, 
127,358,327,306,109,298,365,82, 
11,185,119,254,80,235,284,88, 
295,54,381,336,51,111,217,89, 
154,44,24,273,256,198,242,167, 
40,250,131,341,333,63,171,75, 
176,18,90,359,312,350,158,205, 
47,308,21,45,235,105,8,158, 
299,309,331,148,263,82,318,160, 
354,289,389,247,154,41,4,273, 
238,347,267,84,36,197,302,130, 
76,180,308,337,107,332,28,169, 
177,83,202,203,36,91,70,349, 
287,57,287,376,351,20,5,162, 
306,179,281,245,193,96,25,261, 
0,138,239,391,29,78,230,398, 
365,105,67,109,260,104,182,146, 
338,19,99,267,270,266,1,98, 
199,122,103,65,19,311,196,349, 
219,200,336,320,316,49,322,13, 
7,315,102,371,310,89,187,346, 
366,298,194,382,326,342,158,282, 
360,101,193,363,86,374,70,381, 
179,75,25,55,318,364,242,219, 
175,129,90,354,124,32,199,212, 
397,387,249,15,148,389,72,156, 
273,216,100,132,172,255,322,320, 
329,220,27,186,96,5,188,119, 
173,375,12,293,141,131,191,367, 
339,320,135,231,45,346,222,252, 
255,220,397,275,265,21,219,98, 
145,375,223,107,237,100,29,283, 
273,156,381,317,208,70,124,72, 
256,120,232,47,33,279,103,153, 
162,284,97,187,384,157,218,103, 
103,303,159,352,132,292,209,97, 
59,333,285,72,295,15,74,135, 
187,270,218,342,264,306,203,217, 
38,126,141,195,347,174,327,288, 
196,94,377,297,228,371,198,125, 
102,95,66,64,177,377,364,205, 
198,320,38,370,334,252,398,111, 
60,142,321,282,100,70,196,390, 
274,328,281,19,345,51,130,391, 
301,378,395,191,144,315,337,151, 
335,259,155,145,377,369,120,187, 
270,350,116,152,32,34,323,273, 
114,6,181,88,354,166,195,36, 
159,350,75,328,101,154,161,165, 
111,285,159,102,366,49,180,354, 
280,117,36,70,69,105,382,330, 
123,274,292,382,317,166,320,281, 
107,142,283,159,14,115,361,371, 
242,254,178,16,386,288,272,79, 
271,61,115,232,79,173,365,17, 
358,162,179,270,52,0,18,19, 
214,51,373,344,212,270,178,53, 
313,394,389,51,389,212,244,155, 
368,16,340,290,302,0,228,312, 
98,333,279,37,163,188,372,389, 
50,187,268,273,343,279,232,110, 
109,313,389,337,245,82,34,336, 
69,217,26,73,91,26,80,16, 
224,198,277,24,45,34,89,193, 
71,70,185,376,118,218,315,292, 
317,261,148,320,303,94,141,175, 
85,192,145,58,98,388,33,142, 
41,371,112,13,232,203,336,60, 
288,303,120,355,205,224,140,37, 
163,366,18,179,335,48,285,63, 
390,323,236,239,239,250,249,372, 
36,135,53,288,54,186,56,1, 
297,121,207,98,17,183,276,50, 
277,106,275,250,215,382,245,84, 
81,268,130,397,69,176,147,309, 
68,234,208,256,33,180,69,308, 
311,56,157,278,370,85,87,188, 
233,282,209,168,229,335,315,297, 
72,334,109,124,62,226,144,228, 
94,71,340,394,55,72,16,101, 
261,352,176,204,300,90,341,376, 
104,268,319,129,41,19,250,31, 
198,273,331,293,151,47,377,254, 
185,279,307,342,288,112,248,389, 
3,336,12,172,292,317,9,216, 
204,9,339,159,204,323,376,299, 
285,353,175,272,295,13,169,90, 
398,25,368,89,111,296,277,79, 
371,8,195,159,222,354,14,333, 
57,193,209,348,120,32,166,270, 
108,21,196,357,34,17,208,399, 
61,180,62,33,236,394,358,218, 
260,9,305,45,137,293,283,224, 
179,285,213,126,301,153,25,159, 
11,79,196,124,281,331,120,128, 
131,215,129,393,344,175,38,13, 
323,186,98,358,24,345,324,339, 
140,281,21,289,323,183,237,31, 
244,325,256,339,140,66,204,194, 
374,141,364,53,187,45,68,9, 
70,91,152,312,288,369,201,220, 
293,332,219,8,37,36,65,145, 
96,270,297,366,63,394,246,45, 
88,315,206,111,18,96,348,246, 
29,381,195,124,299,175,41,334, 
290,326,20,372,2,77,136,214, 
331,177,178,250,8,67,381,144, 
285,100,257,41,249,392,123,234, 
45,280,398,113,312,235,191,106, 
100,89,143,90,44,48,354,357, 
8,282,67,296,304,324,70,134, 
384,156,141,23,350,234,228,175, 
205,356,23,259,45,159,19,187, 
247,236,230,12,46,113,399,271, 
345,351,67,330,194,163,179,214, 
309,259,327,238,202,171,219,326, 
233,89,184,344,190,142,183,13, 
15,318,147,380,76,181,394,396, 
225,272,259,394,381,94,232,88, 
361,310,92,107,117,313,210,191, 
199,310,134,6,41,114,27,253, 
59,332,239,2,193,123,161,372, 
141,62,32,104,37,294,134,292, 
156,236,54,246,317,210,107,320, 
331,374,188,206,321,162,95,363, 
349,75,171,301,329,312,179,179, 
240,396,185,312,127,117,209,382, 
262,287,86,224,90,333,127,133, 
318,342,221,278,237,191,220,15, 
356,135,252,4,324,260,280,205, 
324,91,350,218,101,379,151,239, 
382,129,97,86,163,344,29,329, 
344,4,291,30,122,341,7,263, 
284,44,61,47,64,296,172,218, 
127,205,175,128,367,331,334,297, 
152,289,245,159,266,399,339,3, 
337,128,77,258,112,391,329,322, 
35,217,36,230,257,9,160,163, 
306,253,148,330,227,219,346,89, 
17,244,51,323,44,10,387,152, 
60,71,98,331,35,201,340,10, 
140,108,201,262,109,46,388,200, 
142,189,300,147,387,190,334,303, 
220,73,274,162,49,329,33,54, 
357,221,197,331,307,262,104,367, 
225,133,144,48,101,364,183,45, 
335,360,213,315,5,28,301,137, 
208,396,92,103,346,126,28,188, 
311,49,87,333,257,190,329,143, 
270,313,142,61,51,306,235,28, 
15,38,244,117,56,285,319,357, 
251,394,294,198,346,325,55,267, 
316,56,217,135,151,236,59,135, 
120,300,85,159,33,68,221,79, 
284,355,164,278,330,384,18,82, 
100,23,319,381,130,59,72,233, 
32,102,54,334,128,76,109,392, 
252,342,64,17,307,66,113,379, 
187,277,190,145,325,293,49,221, 
292,176,302,77,95,13,271,154, 
108,84,385,36,189,55,202,229, 
182,126,42,207,390,232,122,128, 
355,360,394,173,332,16,331,116, 
302,187,361,97,82,214,172,260, 
0,269,22,239,25,172,99,293, 
22,246,5,216,25,373,248,305, 
209,169,85,111,328,235,284,315, 
181,232,331,362,190,153,274,129, 
309,68,92,137,260,143,193,45, 
186,274,394,212,217,83,19,3, 
319,322,72,9,13,382,310,129, 
175,163,372,53,268,339,166,354, 
258,300,189,241,15,390,43,210, 
11,126,268,266,115,14,260,71, 
285,83,367,196,234,15,398,273, 
368,314,281,10,171,372,74,41, 
89,266,319,84,23,319,312,40, 
221,389,77,295,345,156,297,47, 
199,180,240,321,232,24,11,313, 
371,341,73,161,330,138,327,22, 
201,394,321,29,36,317,42,61, 
203,283,172,119,170,313,183,207, 
291,61,227,239,325,162,26,103, 
354,227,57,181,221,150,269,245, 
88,154,183,117,5,155,272,231, 
346,173,7,141,213,153,1,29, 
46,176,285,270,7,338,390,13, 
35,314,241,129,241,208,92,113, 
197,266,35,218,224,134,106,215, 
179,286,94,63,228,380,3,170, 
149,184,125,339,116,230,153,37, 
386,224,222,9,98,235,253,21, 
112,300,77,148,125,280,107,354, 
399,214,212,10,11,282,313,157, 
372,264,320,363,90,194,6,265, 
28,13,264,52,174,279,142,239, 
271,201,36,115,397,301,283,161, 
125,344,138,48,72,311,303,190, 
283,333,31,202,55,162,120,24, 
14,137,353,298,35,238,394,178, 
318,154,278,247,244,323,101,158, 
252,128,262,156,117,101,36,66, 
168,18,74,115,13,265,45,27, 
49,238,38,323,259,8,150,203, 
73,358,345,262,258,357,16,321, 
28,199,237,81,212,361,68,212, 
55,202,64,187,263,373,249,177, 
75,291,101,128,132,397,96,52, 
280,287,87,270,84,276,182,87, 
162,392,338,285,35,34,19,204, 
322,252,320,171,66,245,219,106, 
233,160,272,351,202,159,161,351, 
166,213,319,348,95,119,197,283, 
153,230,26,282,121,81,117,392, 
329,194,123,134,366,217,318,187, 
351,283,1,5,200,326,172,247, 
83,83,320,57,10,254,45,202, 
352,300,134,137,397,244,71,393, 
211,49,307,26,50,114,380,72, 
61,384,342,266,377,66,347,140, 
53,210,131,117,298,291,239,398, 
200,393,303,155,225,279,160,385, 
123,88,326,341,162,15,293,366, 
19,240,201,244,348,171,194,395, 
227,170,320,181,240,194,196,269, 
356,151,59,327,11,328,93,137, 
221,94,139,233,218,361,371,122, 
160,344,357,30,213,377,363,374, 
316,315,395,375,223,21,320,389, 
65,106,209,253,281,107,202,302, 
113,5,226,5,56,303,104,387, 
147,314,229,59,363,248,160,122, 
379,267,292,97,390,53,304,121, 
276,394,393,142,315,222,335,22, 
305,385,374,4,175,115,49,355, 
338,353,53,207,284,233,267,259, 
113,251,86,310,76,248,19,26, 
66,227,210,299,313,201,133,283, 
363,208,181,222,284,231,378,294, 
313,186,261,158,88,100,351,164, 
160,273,53,270,330,108,184,319, 
47,387,107,286,397,333,384,104, 
134,330,110,112,79,254,393,77, 
255,0,47,50,380,281,12,384, 
79,85,395,109,92,61,22,126, 
254,385,23,350,362,63,370,36, 
199,0,264,335,315,248,84,204, 
223,221,321,374,366,229,209,86, 
71,301,263,30,292,380,320,216, 
67,17,213,102,128,304,304,261, 
277,360,232,398,318,230,163,350, 
72,341,260,360,398,99,19,390, 
184,279,61,275,339,58,252,382, 
391,231,203,188,127,267,144,179, 
2,118,294,149,25,113,28,329, 
351,201,378,2,160,350,12,325, 
283,388,52,365,353,302,205,196, 
326,390,374,187,398,51,304,204, 
385,192,274,89,227,42,208,33, 
90,77,248,58,31,302,370,386, 
226,222,304,55,271,307,74,90, 
322,18,80,311,158,220,336,140, 
288,75,66,16,189,123,382,239, 
290,192,163,173,299,21,311,197, 
11,166,82,134,398,313,103,395, 
123,173,50,10,108,396,388,176, 
391,290,336,72,165,259,384,206, 
399,105,207,128,377,252,209,350, 
199,211,170,310,328,61,222,317, 
311,160,133,281,249,306,269,343, 
154,127,139,222,389,121,134,374, 
301,326,382,285,253,312,197,77, 
79,124,78,216,163,60,320,156, 
332,336,289,36,146,109,291,195, 
13,333,317,33,317,17,128,135, 
23,27,309,133,284,255,205,200, 
108,331,133,396,64,303,63,158, 
101,158,285,38,367,79,320,36, 
57,29,369,21,268,27,259,394, 
180,398,392,377,384,64,68,92, 
297,96,19,319,312,365,280,135, 
141,72,276,181,115,360,297,224, 
339,18,43,66,398,280,320,252, 
248,79,313,55,321,166,397,81, 
148,84,163,318,78,18,327,95, 
399,337,380,377,128,261,291,29, 
86,208,377,369,371,277,230,265, 
335,378,82,103,334,46,355,259, 
77,386,80,77,329,176,202,226, 
180,324,260,195,356,388,291,308, 
218,88,218,56,145,238,10,302, 
214,291,335,69,211,20,261,356, 
34,312,61,213,215,94,54,97, 
184,372,341,96,161,314,278,111, 
89,378,80,391,189,32,363,322, 
256,295,199,216,151,189,51,153, 
145,374,338,135,343,60,192,375, 
54,263,375,40,241,107,13,47, 
154,225,238,301,397,133,112,51, 
1,123,63,237,27,36,292,4, 
98,81,281,55,242,331,300,266, 
241,361,312,153,264,29,11,21, 
255,10,298,181,273,363,98,105, 
398,108,53,154,395,142,61,277, 
394,90,37,388,335,379,43,283, 
341,313,210,5,225,355,178,86, 
296,259,35,33,248,99,204,270, 
78,354,398,80,336,269,163,177, 
270,290,262,103,350,283,200,309, 
373,97,66,18,147,21,38,227, 
151,179,99,55,294,255,7,354, 
196,156,339,95,232,114,71,26, 
48,154,131,373,174,206,382,373, 
364,38,150,264,93,119,148,186, 
293,120,193,398,238,288,16,243, 
107,73,24,107,70,310,339,166, 
230,353,195,6,293,372,199,137, 
104,215,236,307,301,240,363,125, 
241,286,202,336,315,194,110,55, 
326,104,373,54,216,129,124,307, 
197,186,112,159,200,335,350,350, 
120,24,156,110,66,377,345,261, 
34,263,271,174,277,323,200,358, 
290,188,166,361,360,301,69,251, 
56,25,336,337,232,325,130,212, 
179,192,377,72,224,140,213,163, 
35,282,285,388,93,211,227,341, 
114,287,249,323,254,42,277,83, 
83,117,78,342,314,324,95,374, 
174,357,152,65,252,348,287,372, 
83,283,227,263,276,122,244,144, 
230,203,13,213,392,17,382,372, 
234,183,302,205,193,360,383,396, 
328,304,27,131,211,140,184,333, 
144,339,157,266,307,189,359,382, 
158,18,323,114,322,164,247,378, 
116,202,395,2,374,364,26,314, 
312,17,96,42,198,311,75,88, 
180,124,173,392,197,196,79,155, 
219,8,114,185,273,225,121,57, 
241,299,129,77,344,361,177,367, 
67,106,63,24,244,271,179,138, 
57,14,28,271,26,99,103,134, 
138,294,380,278,199,368,269,186, 
372,340,382,322,69,389,353,328, 
357,371,330,222,349,223,288,186, 
155,348,94,182,242,266,271,374, 
272,189,245,202,280,346,97,13, 
94,24,167,384,40,331,63,133, 
183,66,208,130,302,56,121,47, 
232,366,353,68,149,148,208,281, 
14,21,317,216,374,388,189,18, 
200,57,377,37,260,120,305,14, 
315,273,6,235,300,110,341,15, 
62,395,373,208,371,104,141,187, 
353,67,178,246,24,258,8,190, 
383,161,202,299,163,64,348,195, 
86,38,89,312,255,215,219,336, 
138,100,389,345,272,247,98,207, 
320,378,272,159,248,240,201,119, 
68,27,347,302,156,331,333,226, 
287,144,94,27,305,319,141,133, 
274,368,261,125,70,203,18,327, 
256,247,250,72,18,161,365,162, 
103,209,4,382,138,140,118,99, 
324,312,274,110,176,353,336,183, 
92,237,331,387,188,191,310,29, 
162,135,382,297,203,108,71,306, 
59,238,225,119,226,392,248,227, 
1,181,399,330,364,192,195,83, 
285,230,271,355,65,349,66,12, 
363,395,165,46,238,278,78,205, 
249,91,221,371,239,158,339,233, 
51,131,398,182,327,37,335,221, 
158,198,54,313,387,306,107,209, 
98,337,326,225,116,57,212,313, 
294,287,37,126,199,18,123,194, 
45,371,299,215,322,289,383,235, 
374,230,147,22,348,241,148,96, 
107,49,326,348,326,205,389,328, 
370,316,31,5,353,262,77,171, 
193,6,33,277,347,166,234,50, 
202,126,234,365,177,273,107,222, 
100,247,257,397,397,64,308,283, 
126,82,235,274,296,253,5,16, 
141,395,211,230,297,215,335,128, 
