204,242,91,124,325,100,83,273, 
337,344,341,16,207,396,313,332, 
219,33,399,149,175,228,214,192, 
278,194,345,284,310,253,122,218, 
94,165,378,255,354,17,232,165, 
161,207,182,124,347,296,210,349, 
200,1,387,394,66,310,345,224, 
164,109,177,390,70,137,65,155, 
156,122,373,118,292,331,18,240, 
83,255,330,265,265,352,166,165, 
139,176,219,267,53,393,391,238, 
248,266,258,355,154,338,36,268, 
266,187,395,223,40,280,351,365, 
50,218,229,288,68,25,124,190, 
327,219,182,119,14,20,356,213, 
147,152,215,355,47,352,203,118, 
47,188,384,272,285,178,178,300, 
276,12,114,280,195,170,94,39, 
336,369,328,129,378,129,362,213, 
207,3,26,30,118,153,142,46, 
109,317,156,6,155,184,257,210, 
298,220,44,316,372,10,43,178, 
125,315,198,9,197,314,283,383, 
371,361,80,19,191,171,273,336, 
289,309,47,284,252,57,247,279, 
141,250,59,143,25,66,257,179, 
393,36,142,13,190,395,326,230, 
137,52,264,130,363,195,43,159, 
260,128,99,140,215,73,160,27, 
347,6,147,251,379,67,293,28, 
343,26,345,377,311,108,186,334, 
67,129,335,335,95,303,210,210, 
12,182,235,327,227,371,220,374, 
321,27,244,40,220,182,180,300, 
96,317,317,142,187,155,83,398, 
251,233,24,304,245,142,246,274, 
318,208,210,222,25,220,349,177, 
326,0,264,64,185,144,111,145, 
342,17,315,233,350,147,303,317, 
315,394,293,363,195,377,252,336, 
32,205,385,49,1,61,151,392, 
126,91,360,196,286,26,35,128, 
274,297,151,46,256,303,143,30, 
215,295,75,328,18,250,111,224, 
42,65,21,119,139,179,356,139, 
349,214,9,129,148,241,142,129, 
194,107,156,389,99,311,66,32, 
301,7,1,79,225,136,391,392, 
155,285,31,187,215,43,57,245, 
7,45,0,231,137,129,166,48, 
390,60,235,95,261,120,395,226, 
263,28,66,252,56,172,372,74, 
304,398,256,325,30,309,100,268, 
134,129,53,73,116,322,249,276, 
104,93,311,377,392,228,84,243, 
396,281,285,126,330,5,384,259, 
335,88,186,69,389,124,255,200, 
256,276,123,92,154,234,108,267, 
315,291,69,338,129,258,105,69, 
15,378,295,377,393,143,53,78, 
175,166,290,247,273,127,338,308, 
136,349,253,235,392,302,299,222, 
196,1,232,28,294,124,103,91, 
132,67,325,176,353,5,59,85, 
329,11,86,146,117,171,84,43, 
43,8,274,27,26,46,226,331, 
245,85,185,364,372,252,174,291, 
138,60,130,120,190,261,384,12, 
310,298,50,252,360,51,284,269, 
19,235,226,260,181,251,10,264, 
81,36,4,330,166,36,223,39, 
5,113,109,174,102,209,293,144, 
245,118,379,132,306,338,96,399, 
121,104,309,304,82,249,69,194, 
243,391,148,21,63,73,49,202, 
88,32,37,328,168,209,300,193, 
86,241,395,144,278,12,371,331, 
293,59,64,66,26,240,230,193, 
259,201,77,120,48,255,298,97, 
189,227,160,367,29,239,107,154, 
54,142,256,73,172,170,299,379, 
209,247,153,240,385,339,302,7, 
377,48,167,399,48,250,102,147, 
101,210,121,48,23,396,45,308, 
371,359,371,333,308,344,320,182, 
81,163,344,23,169,202,215,31, 
298,36,149,322,173,91,216,177, 
344,243,88,300,324,158,190,300, 
238,306,173,16,346,229,45,157, 
157,237,141,356,175,357,140,307, 
363,174,50,214,321,391,379,57, 
31,20,255,257,13,308,372,86, 
259,193,321,254,134,391,350,366, 
286,366,50,31,176,72,327,48, 
186,79,387,236,125,264,183,206, 
74,352,312,35,301,399,326,341, 
374,390,67,80,70,61,311,342, 
366,397,170,276,111,190,158,151, 
71,282,166,56,92,304,195,58, 
385,313,69,350,143,205,287,70, 
326,114,166,7,275,343,122,383, 
59,97,196,211,63,235,185,306, 
126,16,0,335,354,192,80,226, 
19,167,365,217,168,36,164,323, 
77,114,185,167,272,283,394,215, 
142,16,13,142,22,257,273,366, 
204,151,74,39,129,131,348,339, 
289,357,117,157,158,349,8,77, 
134,210,146,91,240,291,256,144, 
262,322,357,310,87,194,71,16, 
160,145,82,21,127,137,175,147, 
161,232,208,228,76,286,307,76, 
271,203,342,312,232,355,191,376, 
246,13,41,116,105,99,329,302, 
282,308,290,215,65,85,358,170, 
197,325,132,349,85,31,334,312, 
63,315,286,335,169,3,382,359, 
148,144,307,246,92,317,264,41, 
128,338,342,153,81,232,189,276, 
105,31,31,322,152,120,99,29, 
312,248,89,386,243,283,219,321, 
227,147,303,189,331,370,364,72, 
180,158,74,105,239,24,309,256, 
351,177,23,30,108,249,217,212, 
14,10,30,313,371,198,378,111, 
116,354,346,111,47,308,18,194, 
141,211,17,242,203,358,60,28, 
104,68,393,1,11,102,260,166, 
183,302,285,20,269,221,72,395, 
21,230,290,381,202,182,205,298, 
333,379,371,136,160,352,202,5, 
49,382,372,260,324,11,395,170, 
251,256,88,30,363,148,116,385, 
348,37,351,249,318,304,148,307, 
305,321,67,45,60,178,153,54, 
192,249,239,57,87,340,203,107, 
284,326,348,336,367,69,95,235, 
187,355,287,242,358,317,198,104, 
209,282,287,398,258,244,224,157, 
340,267,386,205,378,257,182,161, 
234,232,201,49,216,356,391,395, 
388,178,307,74,210,162,78,356, 
180,73,386,44,282,336,64,270, 
116,284,21,305,304,276,69,261, 
96,341,33,311,374,238,89,397, 
36,108,321,357,232,374,373,313, 
70,299,302,89,381,40,284,75, 
153,279,367,215,371,218,246,119, 
29,393,47,20,19,351,64,98, 
293,101,90,314,115,224,159,110, 
318,50,333,222,367,144,373,67, 
53,309,279,241,77,147,309,71, 
228,142,323,305,325,150,182,83, 
13,205,10,398,347,58,395,192, 
103,3,241,249,379,227,196,149, 
309,272,331,14,117,182,201,82, 
152,113,176,146,360,356,61,362, 
72,64,256,325,340,48,284,38, 
205,361,355,344,208,180,89,278, 
337,384,208,162,113,203,8,103, 
395,222,132,382,329,301,337,30, 
134,164,51,336,333,115,252,352, 
78,339,179,125,354,340,341,166, 
236,264,313,245,50,179,146,157, 
174,347,303,162,190,20,20,354, 
71,155,130,125,120,330,289,55, 
62,206,67,354,31,225,245,94, 
342,122,268,122,374,314,162,363, 
146,290,4,348,137,253,380,232, 
76,58,307,174,184,255,26,363, 
290,238,265,208,315,92,186,315, 
121,299,267,150,331,386,250,189, 
221,354,36,186,316,181,109,200, 
61,398,82,316,356,358,156,89, 
64,13,80,104,14,367,140,227, 
166,16,64,312,20,266,136,276, 
399,18,158,262,61,267,348,118, 
194,67,272,313,78,153,184,340, 
331,175,46,31,313,99,115,67, 
346,45,209,343,122,90,283,397, 
149,102,208,252,297,213,226,157, 
94,178,147,364,108,384,69,342, 
39,351,138,179,89,310,298,210, 
67,222,336,93,14,287,45,302, 
338,293,331,342,52,67,56,209, 
395,383,174,351,249,281,127,365, 
234,101,260,287,3,49,16,176, 
140,336,212,3,125,213,260,216, 
218,208,232,224,191,200,93,260, 
262,151,220,33,252,190,166,146, 
150,232,223,141,323,189,223,52, 
17,289,51,127,279,330,297,289, 
327,176,275,186,43,62,30,157, 
378,140,341,225,109,141,177,34, 
24,392,265,266,106,226,242,379, 
355,187,53,380,333,28,113,178, 
34,49,158,142,323,269,129,206, 
352,66,61,97,94,99,308,178, 
11,172,303,37,237,63,31,273, 
130,18,270,226,378,92,111,95, 
3,367,159,139,246,341,21,330, 
166,36,298,137,30,126,379,60, 
159,121,350,241,316,19,179,213, 
5,199,220,347,200,28,172,49, 
361,280,114,157,49,248,366,176, 
304,208,302,123,306,188,87,276, 
215,318,246,106,75,320,133,91, 
203,236,141,336,152,311,86,47, 
345,121,38,2,58,223,13,210, 
206,332,53,149,361,281,301,27, 
229,129,70,240,78,374,329,349, 
4,253,321,16,42,183,52,146, 
37,353,243,36,264,68,360,206, 
150,165,178,330,279,154,134,177, 
272,54,169,249,6,184,39,52, 
107,217,305,257,269,153,6,70, 
319,196,372,341,341,266,19,117, 
261,298,194,32,352,242,168,283, 
375,146,394,32,321,199,371,302, 
130,128,165,65,1,101,361,362, 
131,207,382,200,393,257,314,348, 
87,179,249,128,203,177,341,83, 
229,41,364,210,34,318,125,273, 
110,89,304,54,335,131,196,227, 
168,41,182,338,180,84,394,29, 
236,318,86,26,128,122,320,379, 
96,130,241,211,90,219,36,148, 
354,101,130,135,338,261,213,76, 
219,223,236,351,372,127,386,228, 
246,127,306,312,167,65,329,2, 
132,14,311,187,208,153,8,183, 
146,27,181,352,378,2,252,389, 
90,295,298,343,332,112,52,198, 
182,392,362,23,247,222,168,229, 
308,177,103,209,20,68,237,325, 
10,297,399,4,374,399,214,7, 
384,293,250,319,3,34,222,185, 
335,14,252,93,59,116,35,326, 
377,166,190,104,162,125,52,292, 
269,165,129,346,316,3,319,308, 
286,296,29,331,313,354,185,166, 
125,248,148,6,89,349,248,176, 
229,201,20,293,387,27,62,269, 
339,334,215,104,355,181,160,121, 
341,397,114,198,306,335,317,374, 
85,231,152,232,141,164,287,289, 
261,385,14,321,28,177,140,97, 
108,70,241,58,18,102,88,143, 
60,148,331,331,303,321,290,154, 
326,319,203,226,294,242,394,110, 
156,226,209,148,124,226,230,81, 
351,195,15,320,307,4,302,92, 
152,150,203,29,204,332,308,353, 
24,293,216,208,286,67,68,365, 
201,38,297,348,136,132,54,97, 
78,109,150,243,122,331,315,54, 
180,275,363,272,91,302,216,95, 
40,387,72,38,349,253,105,38, 
206,232,300,258,394,160,201,308, 
10,185,253,373,40,234,59,215, 
5,78,324,227,399,366,308,120, 
24,218,132,132,175,237,206,271, 
302,175,196,314,335,26,385,31, 
20,16,160,39,214,142,102,277, 
77,102,281,86,122,393,135,48, 
387,338,68,265,297,228,1,39, 
168,260,251,14,268,149,159,64, 
28,245,305,175,22,30,178,47, 
207,129,156,242,92,263,83,62, 
16,58,77,140,212,171,61,361, 
233,6,261,117,392,245,308,239, 
352,121,343,284,231,166,127,397, 
94,229,52,51,235,156,257,214, 
122,135,57,126,203,330,146,142, 
396,328,111,84,95,216,302,106, 
78,375,187,262,62,315,325,29, 
345,396,153,227,174,256,367,12, 
349,37,292,139,249,73,272,369, 
193,258,238,237,169,97,26,35, 
135,294,343,295,21,167,153,29, 
223,280,230,17,341,125,151,20, 
325,231,222,135,107,283,9,151, 
292,39,283,22,295,250,380,397, 
325,13,89,115,273,13,108,315, 
372,393,238,127,375,66,51,286, 
80,109,204,192,104,196,96,394, 
277,396,33,24,215,84,125,165, 
146,393,281,250,369,345,376,156, 
123,106,69,94,279,239,317,55, 
300,349,249,324,22,324,305,128, 
323,83,399,314,48,213,204,181, 
137,165,336,180,82,196,232,379, 
216,346,171,290,125,341,329,105, 
189,119,38,139,152,72,387,161, 
251,86,91,353,343,41,167,374, 
78,178,325,114,345,295,306,179, 
367,66,279,216,74,61,25,353, 
366,247,9,114,7,264,337,4, 
243,118,236,1,176,141,201,346, 
226,191,41,101,7,190,19,332, 
86,185,381,285,108,82,391,255, 
236,380,301,344,297,79,178,304, 
111,86,73,210,292,319,379,51, 
301,42,27,90,136,10,186,49, 
294,33,211,289,2,282,242,19, 
388,205,106,87,219,165,378,322, 
201,124,194,93,50,171,39,341, 
169,1,177,123,121,261,290,7, 
322,160,292,398,367,138,35,178, 
284,59,10,68,81,195,293,241, 
117,46,311,374,297,160,109,363, 
319,264,358,199,311,124,343,372, 
118,356,178,275,72,288,321,17, 
348,106,131,257,273,368,199,233, 
397,343,52,363,144,81,148,4, 
358,9,113,193,372,328,258,221, 
91,354,238,292,178,119,260,333, 
137,264,21,48,138,243,273,24, 
302,175,367,207,221,138,169,128, 
201,346,389,88,36,7,350,88, 
35,334,126,373,6,389,369,252, 
171,19,138,27,33,300,59,385, 
42,236,119,166,257,325,122,383, 
193,34,327,364,326,43,203,132, 
381,385,148,140,1,168,198,133, 
8,177,38,203,245,86,135,192, 
240,313,173,166,2,183,104,366, 
95,395,195,366,329,165,161,132, 
340,48,179,377,61,331,247,7, 
52,317,305,257,394,252,318,55, 
68,237,74,2,125,305,22,39, 
212,26,105,115,279,84,18,116, 
206,95,45,35,310,126,15,172, 
307,381,383,105,315,266,305,95, 
335,48,289,26,150,297,325,311, 
93,129,355,125,1,3,43,390, 
63,93,75,153,300,233,226,33, 
391,292,128,31,22,226,352,384, 
105,130,37,131,247,151,279,183, 
145,79,388,250,158,201,239,112, 
250,3,306,33,18,153,70,156, 
224,167,386,332,40,234,272,102, 
38,240,70,111,258,174,102,277, 
300,330,254,272,280,101,129,303, 
399,357,371,3,59,371,187,196, 
269,165,332,19,275,291,15,219, 
94,347,95,363,358,192,370,326, 
105,1,292,79,149,102,137,358, 
11,48,116,326,189,352,172,80, 
382,44,181,50,168,355,328,289, 
228,151,221,229,278,115,264,391, 
84,92,284,266,249,141,215,350, 
55,272,209,108,58,375,120,167, 
73,298,58,368,116,326,144,78, 
172,0,370,57,272,348,346,80, 
105,81,154,395,172,40,368,225, 
17,47,392,162,219,332,189,313, 
254,297,229,397,168,312,258,54, 
73,261,369,103,153,388,244,196, 
327,284,155,149,71,279,34,38, 
188,398,89,310,295,7,397,107, 
45,247,285,269,70,384,232,180, 
355,20,14,387,61,29,19,76, 
80,127,123,9,376,366,300,353, 
352,200,258,279,356,247,119,135, 
310,383,83,148,324,256,177,117, 
85,138,102,150,243,283,308,211, 
171,126,111,323,33,202,9,248, 
314,151,356,73,123,257,96,113, 
225,228,13,181,197,190,178,36, 
329,150,63,180,255,151,290,394, 
10,151,240,281,315,311,379,44, 
15,38,242,286,298,167,314,0, 
195,10,81,283,387,371,65,197, 
264,67,270,92,238,211,153,45, 
143,202,134,152,246,41,61,90, 
296,25,394,212,256,285,398,196, 
188,135,17,356,205,191,180,205, 
162,376,17,331,156,157,158,18, 
276,111,253,112,379,177,391,3, 
267,173,342,49,72,275,77,205, 
59,329,321,378,337,319,268,178, 
177,33,388,340,285,282,246,312, 
7,183,376,106,118,321,253,123, 
364,318,303,98,346,331,44,350, 
153,305,386,91,277,222,264,63, 
102,374,177,300,353,184,72,137, 
213,172,241,99,83,145,55,55, 
242,97,18,336,291,196,48,233, 
167,185,31,244,9,62,131,2, 
1,335,52,399,225,393,150,123, 
311,262,290,146,213,38,384,247, 
86,117,269,194,390,269,65,220, 
109,231,21,77,29,34,1,55, 
357,228,354,133,221,92,169,13, 
336,256,327,165,384,100,255,318, 
81,204,102,119,326,178,348,167, 
196,249,302,255,199,131,379,228, 
63,108,392,48,238,333,294,375, 
298,381,82,54,156,33,78,141, 
