119,57,183,343,214,92,140,227, 
188,331,234,283,18,14,74,46, 
188,2,390,207,288,42,69,216, 
240,203,93,189,144,98,33,293, 
125,189,301,76,330,80,237,146, 
0,102,219,283,328,15,346,321, 
336,75,24,168,173,19,157,186, 
67,312,202,143,11,186,96,173, 
91,308,53,376,79,61,109,107, 
341,337,290,153,208,91,364,189, 
177,246,83,218,234,188,127,93, 
35,356,158,325,118,266,358,51, 
276,242,287,178,1,176,237,159, 
149,9,117,373,12,178,140,143, 
45,324,157,34,317,52,89,70, 
375,175,224,339,42,338,39,197, 
321,28,102,298,266,274,206,154, 
308,136,130,387,226,141,273,112, 
65,23,226,215,291,358,366,37, 
116,376,345,375,33,23,220,38, 
345,147,229,393,24,345,328,126, 
292,188,126,94,309,335,208,1, 
383,23,181,264,325,142,25,126, 
14,265,262,254,163,104,148,340, 
243,343,263,33,8,183,363,376, 
165,209,97,12,291,238,7,382, 
163,194,208,246,54,60,43,81, 
342,398,76,190,304,119,114,145, 
211,240,50,83,25,152,261,398, 
386,257,293,220,29,19,178,79, 
388,191,317,198,349,238,270,353, 
344,155,142,272,41,56,207,350, 
246,391,394,223,306,204,74,94, 
277,78,292,223,348,375,297,124, 
10,64,393,22,16,303,37,317, 
203,275,251,375,196,3,43,359, 
124,262,323,143,322,35,220,118, 
229,222,249,339,275,398,101,154, 
366,367,194,196,299,298,29,25, 
325,252,62,83,142,259,190,251, 
216,247,351,390,108,8,40,290, 
103,188,307,363,330,155,42,320, 
67,266,382,374,263,368,183,232, 
281,199,27,212,241,261,202,176, 
50,372,274,12,340,366,97,287, 
6,228,129,148,30,21,214,47, 
312,15,214,245,375,101,39,249, 
101,359,256,105,225,126,265,251, 
90,271,264,90,307,198,43,275, 
306,389,151,164,75,44,241,252, 
260,387,47,238,300,55,327,207, 
285,369,121,113,145,221,359,141, 
91,339,293,130,46,257,178,267, 
258,99,172,176,173,290,347,294, 
372,193,169,113,397,309,258,166, 
110,140,193,104,170,211,148,82, 
109,123,310,16,127,298,199,361, 
197,17,287,201,131,394,350,339, 
160,192,310,252,388,201,225,166, 
392,366,288,251,197,384,203,352, 
208,22,336,239,92,12,125,38, 
169,153,200,183,210,238,243,137, 
84,276,351,196,353,384,283,188, 
342,395,378,312,35,212,237,122, 
9,329,244,274,309,123,360,136, 
283,317,131,66,221,126,161,387, 
385,226,181,145,83,195,284,236, 
256,23,369,107,365,284,68,121, 
209,337,104,318,106,367,38,353, 
88,64,94,21,319,352,191,284, 
50,302,177,89,76,271,391,151, 
48,48,5,129,135,319,241,109, 
299,199,104,247,65,385,143,25, 
118,152,279,361,356,277,63,12, 
224,107,309,236,294,66,192,290, 
202,193,222,167,68,29,344,143, 
76,144,106,346,398,45,357,161, 
324,19,92,42,238,314,92,192, 
59,311,271,282,332,202,330,261, 
156,230,269,301,349,250,146,246, 
200,255,114,379,363,332,169,9, 
263,58,153,253,362,179,279,269, 
220,24,386,395,370,162,15,107, 
278,104,314,97,176,6,311,28, 
269,98,235,145,317,250,2,367, 
14,271,293,48,257,272,14,263, 
71,106,136,67,362,296,192,218, 
242,380,112,7,259,201,307,363, 
290,57,133,138,283,373,134,325, 
277,246,263,207,175,167,209,376, 
53,28,330,230,253,138,74,305, 
189,347,100,150,36,236,304,267, 
324,102,12,72,382,86,323,317, 
231,149,390,7,147,303,40,103, 
109,318,122,265,187,171,16,56, 
108,159,196,88,205,24,164,166, 
291,186,202,71,255,74,178,225, 
48,362,96,247,242,150,150,233, 
370,98,301,338,394,327,229,88, 
285,13,249,294,243,71,192,126, 
296,219,87,80,157,47,21,114, 
94,376,116,267,236,339,191,355, 
69,327,38,55,285,301,142,189, 
226,104,305,207,24,198,98,192, 
302,265,23,209,211,371,75,120, 
24,59,323,328,291,186,192,290, 
260,217,288,167,69,286,391,237, 
172,369,16,302,53,125,289,360, 
236,97,77,166,164,151,364,338, 
161,398,192,215,33,57,94,143, 
287,41,159,284,267,66,55,105, 
183,30,38,213,16,187,66,254, 
96,377,281,180,259,228,186,368, 
279,333,86,336,313,275,289,198, 
107,56,244,347,305,141,40,176, 
389,34,218,29,12,240,214,381, 
73,364,249,16,361,288,229,266, 
131,204,143,297,206,396,329,292, 
369,339,6,357,150,71,388,111, 
273,317,137,321,123,294,399,86, 
15,266,35,135,141,346,311,104, 
50,302,212,279,147,241,47,380, 
54,281,81,57,18,94,39,152, 
20,379,211,372,384,335,27,115, 
75,74,228,94,186,83,291,67, 
184,151,32,62,182,51,116,354, 
362,259,28,99,158,139,378,194, 
20,22,2,21,197,278,98,111, 
367,228,288,203,198,333,367,377, 
194,115,357,156,56,216,253,181, 
2,307,178,359,78,164,168,363, 
318,103,205,371,361,104,314,298, 
29,264,353,233,124,129,353,274, 
308,273,31,193,102,151,109,238, 
5,316,183,180,145,133,264,333, 
393,162,208,97,218,266,149,355, 
73,383,285,273,196,350,108,145, 
393,141,258,10,347,270,288,50, 
279,69,5,217,248,72,59,337, 
53,334,332,196,186,22,25,16, 
362,246,363,195,231,369,246,43, 
25,3,302,40,34,68,332,379, 
115,220,9,205,111,328,148,97, 
295,170,389,385,79,144,234,60, 
306,250,32,111,183,156,291,164, 
272,91,17,168,193,121,321,328, 
372,166,111,387,56,142,300,256, 
181,15,190,279,37,82,52,220, 
378,303,229,173,391,65,291,352, 
59,271,298,15,338,320,106,159, 
212,300,337,296,344,186,277,34, 
112,166,185,383,105,129,323,224, 
122,149,195,174,28,144,254,293, 
280,343,137,51,145,53,368,39, 
149,128,169,295,242,232,160,336, 
64,234,370,332,62,394,126,329, 
116,61,214,53,121,65,8,242, 
188,355,303,143,18,344,300,332, 
333,241,11,4,392,125,247,271, 
87,211,39,253,124,226,320,144, 
386,179,382,143,84,269,396,294, 
258,217,321,243,382,269,79,75, 
215,265,276,88,56,199,209,266, 
139,288,161,233,81,172,57,46, 
17,165,63,116,368,303,29,322, 
311,111,304,324,175,217,167,57, 
390,239,226,77,298,182,46,14, 
323,162,284,225,342,385,62,183, 
162,59,287,248,340,103,369,319, 
43,131,294,189,266,363,317,336, 
294,244,395,286,70,138,160,51, 
87,252,237,162,206,243,337,339, 
181,185,71,238,204,375,371,103, 
184,105,372,75,174,40,320,177, 
141,272,152,269,270,348,227,249, 
195,383,53,123,396,356,124,146, 
53,31,258,283,302,130,35,310, 
54,350,171,11,198,279,337,328, 
338,284,344,322,339,118,387,187, 
232,79,289,330,398,235,274,18, 
310,237,75,307,197,244,45,305, 
295,168,236,36,208,388,30,173, 
311,276,137,30,152,332,320,92, 
83,277,57,89,84,203,37,89, 
392,71,101,340,289,55,80,360, 
245,322,355,71,102,364,111,74, 
329,251,142,229,85,398,112,192, 
0,252,203,105,300,67,79,129, 
165,134,283,171,165,368,340,19, 
204,364,284,139,145,157,126,277, 
362,18,192,335,237,206,231,23, 
332,314,336,211,33,42,362,253, 
282,218,294,282,216,53,1,165, 
42,59,2,210,64,179,212,287, 
317,252,347,250,272,111,348,318, 
267,257,43,243,221,293,260,224, 
53,215,90,172,160,394,131,132, 
45,193,200,83,179,192,101,74, 
315,247,134,66,334,85,50,283, 
313,46,365,228,178,11,41,245, 
330,84,234,355,271,80,8,35, 
355,108,131,265,213,261,212,257, 
294,118,223,170,387,185,379,178, 
111,87,171,398,251,66,196,168, 
150,342,63,369,44,31,314,222, 
223,124,195,235,27,43,260,332, 
249,91,178,387,2,354,349,204, 
59,137,315,20,76,360,227,157, 
319,362,253,123,382,327,266,127, 
396,230,163,149,110,47,78,261, 
302,221,277,364,105,148,184,38, 
323,373,360,360,95,17,294,193, 
241,95,365,211,35,378,6,394, 
47,59,52,212,94,214,317,58, 
244,182,160,31,364,53,356,237, 
262,225,149,396,185,144,327,381, 
209,321,333,347,306,152,263,392, 
150,195,351,361,39,19,317,202, 
311,201,354,388,135,174,69,230, 
68,278,231,335,135,247,159,33, 
109,317,322,211,291,198,350,330, 
14,247,354,10,136,287,78,111, 
327,54,366,196,347,248,257,60, 
213,248,368,92,361,28,101,275, 
148,2,206,338,125,298,67,183, 
286,356,79,209,172,284,371,345, 
96,277,30,130,5,173,288,137, 
306,202,152,194,221,71,326,305, 
16,44,253,14,278,2,45,2, 
254,320,36,84,129,103,79,127, 
262,139,186,284,349,262,291,316, 
142,330,28,317,359,269,83,298, 
112,330,71,387,321,263,299,340, 
174,18,245,58,254,34,83,350, 
93,106,290,166,246,260,309,40, 
109,79,337,323,84,141,344,244, 
100,105,195,271,375,55,226,238, 
338,340,65,339,251,347,185,94, 
375,140,183,180,134,354,78,377, 
201,174,115,70,236,210,63,53, 
297,261,54,195,346,318,324,284, 
290,16,315,289,69,376,84,392, 
299,176,248,274,94,391,321,3, 
220,354,342,15,304,335,44,167, 
278,115,327,369,206,391,111,4, 
209,190,293,79,168,119,291,374, 
303,43,344,141,399,130,52,4, 
200,290,379,81,105,155,332,139, 
335,201,389,188,103,190,78,240, 
254,28,63,120,349,322,379,206, 
32,51,123,360,348,82,17,121, 
360,330,60,78,383,235,188,123, 
389,90,22,37,180,199,110,311, 
185,339,178,374,162,334,326,56, 
140,208,80,21,142,258,144,12, 
369,50,230,101,28,342,249,219, 
381,10,256,96,302,231,392,224, 
16,379,31,122,140,296,25,272, 
186,359,116,290,12,223,307,52, 
25,201,16,311,129,4,62,122, 
175,7,72,144,291,322,259,339, 
126,207,134,304,66,291,98,283, 
211,174,201,38,11,265,70,93, 
399,146,341,263,114,148,132,366, 
176,123,155,131,40,142,398,302, 
30,275,112,270,1,249,77,57, 
21,123,144,281,46,384,188,274, 
134,199,259,58,114,332,180,18, 
276,16,201,344,32,375,385,318, 
112,88,42,43,191,111,20,25, 
69,218,343,134,22,193,159,148, 
130,0,172,104,133,30,12,139, 
236,165,45,396,72,167,366,233, 
296,282,224,187,323,139,145,132, 
69,317,350,380,301,48,228,100, 
14,14,359,131,133,291,64,236, 
160,293,113,61,3,138,24,355, 
55,103,194,278,68,42,63,239, 
351,184,319,88,314,55,12,301, 
139,233,114,265,45,12,345,343, 
333,380,147,231,19,398,311,16, 
174,149,330,205,354,131,234,233, 
310,287,311,149,249,309,83,334, 
201,55,298,258,83,374,248,282, 
258,152,242,195,247,183,54,285, 
177,106,384,61,242,219,162,208, 
141,336,197,248,170,343,264,191, 
287,199,207,198,289,245,50,248, 
203,343,386,251,83,209,345,236, 
236,28,301,249,87,136,341,168, 
272,76,274,309,380,249,356,364, 
4,197,50,338,398,231,262,59, 
151,317,390,287,111,276,117,5, 
163,313,369,260,137,331,231,380, 
345,43,193,20,306,149,127,77, 
237,356,4,46,23,245,234,138, 
162,36,113,285,180,82,368,356, 
103,349,358,151,47,339,50,102, 
64,40,344,42,40,398,146,12, 
193,15,74,293,173,51,353,242, 
373,193,162,296,363,320,341,94, 
92,100,318,187,191,230,138,247, 
227,224,336,0,345,340,223,316, 
280,36,76,228,51,258,233,94, 
24,4,336,396,14,191,35,135, 
135,49,259,13,207,90,40,235, 
82,151,60,104,352,193,144,228, 
245,352,258,263,27,26,378,306, 
17,40,75,364,329,56,200,373, 
178,64,74,95,356,361,370,127, 
322,76,116,30,110,144,93,9, 
49,157,393,347,49,277,376,273, 
78,148,45,185,138,196,270,230, 
204,189,221,295,247,227,147,160, 
218,353,90,230,210,67,213,81, 
74,21,142,374,161,199,258,36, 
132,65,234,159,164,119,264,245, 
46,101,347,356,57,294,46,13, 
251,128,80,175,224,154,283,170, 
97,273,326,116,193,36,57,385, 
233,99,320,194,278,284,102,62, 
227,60,261,232,331,355,184,397, 
369,92,375,292,233,386,391,205, 
363,179,84,193,203,136,368,100, 
172,268,316,23,126,194,385,131, 
146,274,35,227,341,387,385,268, 
332,306,340,393,321,9,80,101, 
267,130,278,292,131,122,152,343, 
356,244,5,10,280,181,335,318, 
166,174,367,318,191,298,138,286, 
256,339,145,307,66,191,395,58, 
104,385,390,283,172,180,359,67, 
173,23,61,312,189,201,18,125, 
36,182,35,125,56,237,9,186, 
255,116,274,49,87,45,258,81, 
268,396,252,9,132,314,335,61, 
173,182,205,229,188,136,103,105, 
291,7,371,217,100,73,32,4, 
351,103,140,399,334,151,72,224, 
97,197,237,348,83,383,329,188, 
115,41,29,70,326,291,397,91, 
321,218,209,260,96,374,100,51, 
185,184,304,200,221,73,108,45, 
24,28,64,330,137,88,34,227, 
245,273,257,41,269,161,58,301, 
237,301,145,82,57,161,270,95, 
47,281,359,73,198,12,209,341, 
205,159,332,214,392,102,49,218, 
111,22,107,352,250,380,259,162, 
372,15,299,154,338,382,72,350, 
198,264,34,89,149,174,302,331, 
279,123,279,61,147,177,2,77, 
256,125,347,394,299,390,115,178, 
271,37,43,312,33,299,176,367, 
176,187,273,355,357,376,289,79, 
158,0,190,248,391,28,9,61, 
375,360,267,57,109,277,230,206, 
5,143,47,46,50,294,340,267, 
73,41,226,340,28,89,399,272, 
291,42,268,252,142,344,183,32, 
238,279,7,270,170,391,147,247, 
12,261,6,24,394,354,188,317, 
305,228,65,390,36,5,56,119, 
210,193,326,357,352,28,157,310, 
170,78,289,271,191,84,148,268, 
202,166,334,245,398,318,141,95, 
303,217,138,260,330,156,258,25, 
17,150,276,159,2,243,128,300, 
332,248,258,49,305,70,106,91, 
45,375,206,294,344,60,312,15, 
244,181,18,347,200,60,174,322, 
315,123,271,184,54,380,37,179, 
56,311,253,204,394,279,124,398, 
367,368,317,4,211,223,302,94, 
50,77,180,101,284,339,168,65, 
75,319,118,49,81,137,208,353, 
71,76,255,341,218,208,285,178, 
296,371,45,237,215,291,204,326, 
4,72,342,308,110,318,161,56, 
26,93,136,121,252,219,398,354, 
171,114,86,165,161,394,340,39, 
268,285,210,116,245,200,397,243, 
129,141,53,92,77,365,18,223, 
288,293,145,70,32,94,165,171, 
399,123,87,82,109,177,391,72, 
297,91,315,235,209,378,319,173, 
167,27,295,241,311,278,119,76, 
23,112,95,228,221,222,361,9, 
127,87,185,67,306,228,267,84, 
188,114,364,239,180,8,291,386, 
35,259,47,25,177,306,23,31, 
75,200,72,173,173,371,328,258, 
338,205,194,351,195,207,351,125, 
367,153,280,153,166,370,211,398, 
344,194,382,397,109,148,214,118, 
325,110,69,354,269,310,361,260, 
290,202,107,50,232,157,21,6, 
348,160,295,282,174,126,284,36, 
343,326,240,397,179,389,146,120, 
119,28,210,63,218,143,107,55, 
