6,290,207,305,142,116,328,195, 
186,78,263,128,314,132,49,51, 
68,146,284,368,121,272,260,354, 
260,347,351,85,367,54,123,198, 
29,146,145,78,256,216,397,220, 
90,289,333,192,228,137,56,192, 
53,117,284,3,89,69,176,199, 
197,289,144,139,123,210,181,353, 
346,184,28,242,130,102,386,114, 
93,129,283,244,41,45,76,199, 
196,303,178,368,337,56,315,370, 
126,261,377,181,265,150,4,302, 
249,57,83,287,320,178,140,237, 
321,308,314,213,4,5,362,107, 
25,203,188,289,166,35,307,394, 
219,215,266,198,220,370,82,278, 
262,47,315,70,60,284,40,292, 
380,135,73,68,264,280,362,214, 
216,115,221,121,226,262,34,167, 
237,370,394,228,26,79,13,263, 
383,57,234,130,373,45,388,209, 
94,204,19,42,223,91,161,175, 
349,288,325,234,373,283,105,219, 
198,169,44,198,367,198,337,270, 
299,96,190,364,377,344,272,349, 
382,384,87,53,149,389,141,48, 
173,375,358,163,189,284,67,132, 
145,330,256,240,191,158,111,285, 
254,60,317,3,0,232,64,57, 
340,123,119,17,308,322,346,97, 
49,334,81,172,238,16,282,21, 
48,262,364,387,260,302,6,146, 
77,267,386,56,51,314,354,234, 
183,47,149,9,151,188,240,135, 
121,337,18,50,62,167,27,162, 
143,326,267,280,175,163,357,391, 
21,9,215,304,60,2,57,246, 
80,309,359,44,349,308,19,377, 
82,372,302,120,79,366,69,288, 
20,43,168,192,112,269,323,319, 
308,118,10,171,82,168,280,352, 
257,119,305,309,36,222,184,284, 
219,217,61,115,316,162,67,378, 
78,188,256,101,304,82,23,157, 
158,267,263,381,209,270,11,319, 
40,364,45,349,54,317,164,154, 
207,269,141,42,322,94,58,370, 
25,150,50,295,231,75,233,231, 
120,228,68,357,189,131,72,101, 
30,117,219,206,195,16,381,336, 
54,348,166,85,373,252,271,187, 
117,189,95,206,46,255,362,304, 
305,193,358,155,377,370,191,116, 
155,387,266,258,240,4,313,175, 
80,1,159,305,371,340,134,250, 
36,119,101,84,231,295,253,166, 
128,23,213,93,87,110,77,214, 
376,164,103,92,51,106,371,174, 
6,231,226,259,338,141,224,219, 
305,227,256,370,67,162,51,398, 
105,2,77,280,209,341,106,350, 
256,204,355,340,92,199,312,396, 
80,342,31,348,23,341,5,324, 
142,175,335,9,331,146,130,240, 
26,30,198,34,183,35,329,211, 
37,347,388,236,73,15,244,126, 
94,248,374,205,202,254,225,271, 
288,6,91,178,30,4,313,32, 
116,180,221,396,181,315,256,71, 
380,328,282,207,268,345,250,299, 
28,379,98,209,334,34,391,388, 
366,53,273,330,244,17,320,109, 
218,92,258,293,149,11,132,344, 
198,320,353,87,379,295,202,87, 
316,77,254,264,250,301,295,154, 
65,309,310,112,115,98,82,385, 
316,50,175,86,399,265,37,69, 
162,276,290,50,218,384,5,318, 
252,200,241,66,274,186,165,115, 
114,93,370,31,354,387,284,317, 
351,219,237,314,148,169,74,375, 
139,141,113,41,303,159,343,185, 
89,152,247,3,289,362,393,6, 
32,316,197,36,120,29,208,130, 
26,15,47,391,294,155,258,182, 
147,375,303,104,307,6,4,255, 
10,278,227,7,251,209,44,132, 
78,40,12,82,111,108,131,101, 
50,123,390,73,101,297,22,78, 
5,108,360,169,152,349,42,276, 
165,37,328,219,290,319,19,34, 
75,132,258,238,224,258,333,230, 
36,16,351,253,188,234,282,362, 
103,192,68,15,319,342,262,288, 
108,203,188,258,158,194,360,266, 
102,311,343,312,309,285,297,27, 
108,204,223,314,171,98,362,217, 
61,276,83,92,96,213,254,273, 
84,260,305,7,80,295,358,110, 
367,208,339,241,346,25,298,6, 
147,391,74,274,346,100,86,299, 
10,211,116,122,214,367,232,254, 
374,80,292,47,5,314,180,233, 
329,3,339,288,230,317,102,340, 
135,232,300,207,156,241,223,61, 
31,110,324,247,92,165,258,378, 
64,88,201,205,110,19,209,227, 
176,168,58,177,320,162,395,13, 
301,226,345,106,164,346,382,303, 
252,12,146,144,3,56,354,30, 
224,162,151,2,152,155,352,357, 
192,62,19,86,255,174,279,136, 
255,1,35,268,357,290,240,56, 
173,172,225,382,32,357,196,355, 
203,172,238,287,197,163,149,305, 
134,366,19,235,10,36,264,324, 
332,269,182,193,112,77,306,11, 
220,170,186,70,389,257,334,352, 
195,92,35,93,145,86,15,93, 
24,70,161,139,314,48,69,301, 
157,276,159,263,378,135,273,28, 
19,383,290,246,388,243,266,70, 
218,316,345,356,60,51,44,71, 
112,253,51,291,282,152,235,204, 
179,307,84,365,123,359,269,345, 
289,301,114,398,303,95,118,352, 
314,288,248,136,263,223,140,242, 
52,238,231,42,28,57,233,68, 
54,134,336,240,307,314,289,300, 
210,196,162,259,9,146,315,53, 
307,362,252,263,282,23,76,191, 
359,258,141,397,260,210,321,274, 
353,345,252,53,360,51,270,368, 
114,321,221,50,192,366,324,303, 
342,99,3,162,157,58,268,343, 
92,134,126,120,327,92,56,299, 
382,311,124,233,379,67,139,310, 
294,228,114,347,39,359,74,392, 
399,35,173,5,4,271,312,251, 
302,177,31,399,198,283,43,83, 
157,144,241,27,138,22,17,4, 
357,112,274,103,236,239,383,54, 
105,133,312,55,382,99,41,202, 
281,297,114,57,208,162,281,232, 
372,138,258,382,142,220,228,22, 
5,123,60,240,288,223,286,134, 
133,88,305,346,325,71,31,105, 
181,200,280,213,46,75,181,140, 
200,356,183,278,148,61,78,251, 
145,373,350,9,71,61,169,303, 
102,134,18,20,18,156,370,346, 
225,356,179,86,49,236,339,151, 
269,107,45,8,301,135,328,7, 
321,322,342,295,219,277,329,260, 
125,390,36,166,364,331,205,92, 
115,199,226,256,352,306,215,165, 
40,327,117,31,329,365,205,144, 
106,277,169,61,75,139,1,168, 
149,12,262,58,127,130,329,319, 
43,230,224,351,203,222,84,293, 
295,69,251,169,159,76,3,204, 
194,4,286,141,212,350,397,136, 
361,228,137,79,228,172,93,346, 
130,118,71,144,282,17,352,82, 
48,318,312,310,76,193,272,323, 
203,60,336,240,133,249,361,399, 
328,318,7,43,148,48,273,305, 
201,206,156,27,112,388,169,13, 
94,245,359,394,274,20,10,53, 
150,57,37,359,278,348,212,63, 
311,79,7,370,95,342,268,98, 
370,140,12,2,282,102,28,8, 
371,28,16,331,273,104,78,192, 
48,251,330,216,293,196,327,313, 
121,261,21,25,0,51,100,54, 
136,143,152,14,145,278,158,170, 
159,141,209,192,188,191,48,36, 
204,108,8,210,321,82,225,275, 
107,110,256,295,129,157,36,302, 
15,324,125,313,230,290,153,336, 
214,173,345,280,147,179,363,92, 
16,218,123,326,90,72,381,248, 
31,162,59,71,147,167,2,118, 
289,273,99,239,355,187,233,322, 
148,336,250,361,42,17,144,213, 
359,82,248,312,123,206,119,68, 
205,339,154,271,261,202,385,108, 
146,399,7,229,93,215,134,283, 
236,229,74,195,262,394,359,82, 
218,114,234,154,249,382,7,227, 
102,395,266,231,107,133,11,144, 
238,384,380,45,118,28,315,60, 
165,124,89,89,300,224,139,233, 
306,187,311,74,254,317,317,302, 
7,379,76,217,40,217,190,244, 
4,49,203,8,360,364,252,315, 
258,241,271,126,144,113,313,43, 
311,339,300,214,314,162,90,79, 
183,268,191,237,239,337,340,361, 
59,149,2,182,87,226,121,50, 
398,199,188,73,95,35,231,13, 
238,279,111,78,212,78,356,296, 
189,391,394,6,44,334,162,43, 
383,267,134,152,110,41,31,33, 
107,2,29,135,194,102,224,90, 
190,201,269,46,58,227,50,68, 
339,75,323,194,294,183,38,233, 
299,176,268,209,183,156,12,212, 
296,35,356,50,252,329,253,152, 
7,336,385,54,219,163,85,350, 
9,59,41,342,219,280,81,335, 
160,226,168,6,149,7,328,94, 
343,369,148,73,213,244,5,309, 
399,361,214,237,372,221,147,134, 
188,208,91,180,19,111,255,259, 
267,143,213,253,151,392,262,255, 
169,382,280,165,172,249,100,245, 
26,307,271,88,284,145,150,236, 
46,154,66,336,175,384,104,121, 
299,318,341,293,353,206,136,388, 
46,320,326,208,136,87,186,362, 
256,232,322,147,295,378,253,37, 
1,110,249,267,346,35,173,264, 
285,285,286,157,266,101,127,160, 
172,107,216,367,229,26,371,175, 
220,276,350,209,233,176,53,387, 
201,199,292,71,46,347,189,140, 
2,300,70,1,322,172,24,40, 
107,357,129,265,395,241,240,56, 
343,3,314,328,361,53,313,93, 
308,51,201,124,276,176,398,357, 
143,62,190,46,314,140,355,259, 
342,214,309,265,383,27,384,42, 
398,142,117,269,382,334,205,336, 
387,274,302,236,234,389,299,197, 
326,140,344,321,70,287,90,36, 
42,174,30,178,290,137,33,30, 
3,115,96,0,337,38,48,217, 
53,51,64,162,59,92,232,255, 
22,288,173,375,255,275,304,54, 
356,295,27,251,160,91,318,77, 
290,395,74,214,267,221,305,158, 
131,387,391,90,336,155,86,99, 
69,110,357,41,350,398,127,48, 
102,22,253,10,195,250,74,383, 
28,9,114,337,150,272,16,137, 
190,257,253,286,60,250,21,163, 
92,399,222,184,137,57,398,21, 
296,129,76,117,340,359,245,109, 
75,99,218,160,82,122,160,362, 
163,100,195,326,113,360,146,250, 
38,305,397,393,72,0,222,217, 
115,186,95,82,10,364,314,84, 
367,207,43,345,227,349,274,391, 
384,294,207,326,198,293,11,198, 
66,244,344,270,33,203,0,11, 
278,165,54,270,353,324,112,206, 
220,236,191,329,85,393,191,206, 
103,128,134,25,88,302,173,0, 
61,226,48,324,44,339,327,238, 
381,171,54,134,306,156,170,46, 
277,133,245,178,277,186,150,179, 
122,316,384,182,68,77,393,108, 
219,360,167,28,291,156,250,197, 
60,330,174,64,293,160,8,22, 
45,161,96,399,21,298,218,185, 
38,74,50,399,396,2,382,250, 
394,89,352,69,287,6,181,175, 
143,382,140,218,377,153,310,62, 
20,254,236,20,227,135,373,222, 
175,390,133,304,142,218,131,128, 
81,398,216,43,340,86,88,336, 
182,32,20,213,133,24,362,194, 
84,257,73,24,323,266,226,252, 
255,351,177,178,203,25,334,105, 
236,250,346,346,257,350,70,138, 
77,233,176,285,285,119,13,18, 
319,279,210,113,359,4,49,30, 
189,253,378,214,250,53,322,80, 
370,129,303,154,371,260,110,344, 
155,333,162,232,339,304,298,213, 
376,357,49,288,42,307,79,45, 
173,191,376,229,130,387,343,170, 
174,6,102,339,386,101,356,356, 
234,192,342,162,61,83,359,354, 
282,315,10,332,192,231,189,193, 
59,207,11,305,162,279,118,117, 
381,14,264,280,96,353,82,322, 
371,123,67,18,57,42,66,130, 
272,303,106,56,16,239,238,315, 
359,172,18,231,58,79,308,155, 
50,315,351,332,173,377,231,273, 
245,157,175,204,290,393,238,218, 
295,262,231,341,210,311,159,226, 
143,285,141,207,172,339,386,278, 
66,89,316,260,358,215,260,271, 
112,269,363,382,367,185,285,58, 
54,359,235,49,177,151,352,295, 
381,121,106,94,292,390,65,251, 
50,141,248,89,2,296,121,372, 
329,11,399,17,245,399,226,262, 
240,54,368,164,200,130,155,335, 
225,378,265,240,15,205,56,212, 
278,156,246,7,218,394,293,390, 
314,23,281,179,345,52,63,51, 
194,89,240,249,182,327,323,206, 
358,262,132,177,193,249,373,168, 
153,69,304,105,187,161,3,323, 
66,86,230,67,183,59,13,281, 
60,180,20,30,6,202,320,167, 
165,89,130,30,38,172,159,188, 
88,86,373,185,6,361,16,12, 
80,149,357,193,93,102,235,366, 
287,197,314,66,85,87,116,322, 
172,330,232,395,179,115,397,146, 
1,354,282,234,358,397,331,299, 
179,251,186,233,75,169,65,24, 
332,213,76,128,364,394,142,265, 
147,2,94,286,158,267,391,144, 
238,201,301,24,232,116,37,355, 
67,61,46,178,121,168,328,378, 
324,12,173,125,386,91,117,87, 
274,287,364,15,318,58,8,12, 
318,386,328,83,356,152,134,52, 
392,112,349,186,21,20,273,126, 
173,223,9,379,80,317,306,327, 
375,290,90,167,219,8,238,314, 
328,253,361,345,44,156,377,342, 
117,388,65,126,260,360,188,398, 
232,27,388,267,377,378,291,189, 
106,11,325,189,294,214,382,210, 
76,65,136,316,33,337,370,396, 
147,154,290,145,364,186,206,113, 
187,325,146,33,246,207,145,144, 
355,327,270,41,39,345,377,230, 
176,342,181,200,158,137,381,251, 
246,54,254,21,226,228,188,370, 
380,196,329,381,222,138,123,103, 
362,134,108,305,169,48,190,220, 
185,231,396,336,103,246,345,207, 
199,96,208,35,232,85,266,328, 
264,221,114,68,230,97,316,129, 
322,312,19,292,108,287,318,69, 
8,70,195,136,1,353,142,345, 
154,342,127,248,196,234,140,151, 
136,146,78,4,113,146,330,315, 
231,221,48,60,78,281,362,99, 
272,204,244,206,392,256,341,134, 
343,312,327,302,20,335,42,207, 
303,123,42,239,374,276,32,230, 
379,231,323,208,120,311,392,105, 
28,226,379,55,105,54,292,267, 
60,8,269,222,365,37,308,301, 
265,361,190,207,204,147,221,356, 
82,368,81,370,262,314,299,316, 
30,179,275,99,192,294,361,247, 
48,95,298,44,126,382,144,328, 
31,202,100,385,151,67,59,176, 
75,51,212,55,2,251,224,27, 
266,307,398,237,391,80,249,340, 
380,195,346,152,360,388,306,283, 
156,332,179,228,353,130,149,293, 
251,106,252,377,211,377,268,1, 
307,133,202,216,80,191,190,223, 
1,25,59,242,383,87,275,381, 
278,320,355,216,369,111,230,24, 
191,312,205,81,202,156,219,367, 
221,100,143,183,285,35,172,390, 
72,379,175,213,134,98,395,305, 
291,23,182,365,9,119,85,52, 
265,343,278,147,126,272,256,204, 
49,213,72,392,90,190,231,44, 
383,284,165,162,183,253,198,365, 
129,122,328,233,126,287,132,15, 
45,269,71,270,37,348,230,100, 
166,262,67,293,222,113,390,45, 
26,297,43,223,23,277,123,48, 
31,0,384,316,137,266,74,300, 
111,136,20,331,393,264,269,173, 
1,324,7,278,116,134,197,268, 
285,60,246,207,264,35,40,376, 
149,295,354,260,210,194,295,208, 
223,56,338,365,13,41,164,97, 
23,351,48,369,235,172,314,123, 
159,116,257,134,361,351,73,255, 
163,329,351,45,399,345,91,16, 
171,370,40,131,326,388,274,91, 
14,189,114,105,22,73,145,245, 
81,211,195,195,157,163,325,29, 
37,163,23,289,296,113,123,232, 
244,147,311,88,343,224,305,218, 
128,99,23,371,339,343,394,251, 
75,118,177,14,304,320,64,346, 
357,357,101,79,154,306,100,107, 
176,134,379,266,69,339,281,289, 
253,376,384,188,59,242,16,58, 
279,172,330,72,209,65,20,67, 
308,27,253,37,279,232,166,121, 
175,179,153,387,266,241,350,87, 
196,108,148,392,106,105,299,241, 
