104,18,274,82,190,144,328,208, 
370,102,229,287,208,49,75,132, 
396,230,229,4,321,234,60,278, 
132,126,0,257,6,38,97,269, 
81,249,191,47,267,106,377,44, 
132,141,163,93,114,209,227,68, 
92,364,51,219,166,19,262,264, 
353,40,399,63,128,247,168,220, 
24,148,195,154,270,328,213,389, 
130,58,353,106,4,97,319,27, 
393,147,42,245,385,88,169,130, 
355,148,2,375,163,348,161,11, 
38,232,276,300,200,49,131,225, 
385,346,61,253,24,327,360,296, 
301,199,141,56,233,352,125,257, 
352,25,204,8,223,233,238,101, 
88,117,267,223,350,80,180,345, 
34,370,2,269,119,178,191,191, 
153,112,198,296,132,233,181,243, 
128,392,0,152,200,149,314,91, 
218,251,177,342,326,282,143,299, 
370,359,35,114,200,248,232,294, 
306,201,322,203,188,366,302,148, 
387,152,138,238,271,373,137,330, 
275,307,283,345,261,88,29,4, 
110,140,50,168,313,352,61,313, 
276,156,228,294,331,57,156,272, 
308,250,213,116,374,126,348,333, 
358,30,45,383,286,153,226,241, 
33,229,34,332,392,75,29,354, 
184,141,180,181,254,278,66,169, 
28,180,154,141,189,235,91,203, 
132,41,52,212,234,134,119,361, 
251,165,307,332,57,153,310,188, 
217,58,133,190,270,186,1,366, 
355,273,392,234,215,228,167,230, 
296,155,137,128,107,297,248,259, 
396,376,77,266,55,103,35,396, 
63,239,7,128,337,116,342,1, 
182,331,127,340,101,389,78,67, 
197,382,166,395,247,227,118,61, 
133,227,76,237,16,66,121,3, 
341,364,203,186,16,124,309,210, 
126,16,375,374,282,300,112,117, 
53,262,195,86,227,375,244,126, 
144,195,323,178,112,33,399,359, 
200,247,262,249,156,307,333,319, 
88,75,11,82,309,236,251,225, 
153,339,207,244,190,352,284,333, 
295,311,274,335,92,274,288,148, 
209,288,290,263,113,288,30,263, 
347,294,54,126,196,370,355,353, 
215,229,249,315,214,256,218,256, 
390,12,261,186,236,179,386,242, 
54,189,16,395,72,228,310,246, 
63,191,29,0,395,61,384,129, 
80,173,264,389,237,31,189,288, 
247,157,242,63,187,306,153,111, 
197,209,190,45,189,89,158,196, 
79,221,206,129,137,215,84,283, 
146,279,160,265,7,117,6,161, 
230,170,281,200,236,102,134,172, 
358,203,137,84,394,254,363,213, 
364,393,323,314,7,120,329,300, 
381,350,124,387,282,204,167,7, 
130,43,310,347,5,304,160,195, 
92,268,193,297,17,118,262,11, 
389,287,302,184,358,203,208,143, 
114,207,112,195,369,45,204,278, 
277,278,134,180,350,147,391,98, 
145,332,7,31,119,396,223,180, 
162,211,385,223,274,65,102,57, 
191,143,153,385,233,386,101,330, 
117,36,216,252,225,271,204,326, 
224,184,88,220,200,101,152,318, 
8,164,70,46,67,132,138,279, 
353,348,268,329,156,161,326,15, 
346,71,201,361,338,386,185,347, 
18,366,352,67,65,76,220,64, 
286,134,194,98,331,176,1,179, 
3,220,367,394,62,197,290,102, 
226,360,393,359,219,8,97,326, 
10,247,181,389,178,0,9,181, 
384,101,276,276,128,362,119,184, 
76,256,247,148,381,317,102,131, 
230,266,370,146,308,377,144,362, 
281,339,5,167,117,27,299,333, 
326,282,346,176,88,290,150,2, 
376,250,46,107,42,145,223,204, 
277,103,24,352,138,140,16,244, 
313,135,157,79,227,31,137,100, 
372,328,333,164,66,125,341,81, 
61,130,370,80,216,299,395,88, 
385,115,349,258,385,132,154,320, 
90,89,73,265,283,366,222,214, 
6,192,168,230,80,363,343,107, 
302,48,303,42,70,301,195,363, 
66,347,154,43,330,306,154,150, 
97,176,259,375,345,182,324,23, 
313,244,90,340,161,72,28,65, 
397,181,281,257,269,206,73,265, 
211,256,390,40,382,330,20,191, 
56,213,213,275,208,279,328,198, 
100,358,112,239,285,236,147,218, 
10,155,376,259,379,291,172,303, 
341,170,133,263,391,223,322,106, 
385,165,166,284,111,25,92,185, 
318,53,76,161,373,124,218,74, 
186,121,274,193,29,296,392,322, 
11,144,192,389,70,211,289,59, 
365,375,99,310,274,130,291,12, 
387,117,282,179,85,375,9,302, 
138,141,196,141,283,157,376,348, 
164,240,44,248,332,174,228,341, 
113,28,348,43,336,262,113,393, 
345,69,62,36,208,232,246,237, 
115,313,318,193,2,317,375,135, 
273,164,141,310,117,173,171,396, 
107,229,301,298,190,397,34,152, 
20,185,49,189,23,378,177,3, 
124,22,260,326,357,34,330,320, 
290,182,69,216,94,149,281,280, 
58,175,244,211,40,159,52,302, 
357,52,12,393,4,159,137,389, 
381,302,359,284,41,271,359,258, 
84,221,110,306,174,244,112,275, 
25,263,167,35,92,245,128,278, 
17,87,1,366,302,96,31,227, 
130,289,117,136,139,224,201,234, 
304,233,253,216,305,123,176,5, 
17,254,226,119,37,155,82,153, 
97,92,58,302,100,5,343,67, 
299,142,233,118,306,85,396,103, 
155,339,109,254,316,118,49,215, 
105,196,243,231,356,45,340,350, 
240,305,312,192,370,126,154,195, 
238,313,113,325,289,309,377,371, 
11,345,71,243,132,315,203,80, 
193,261,365,399,8,252,370,30, 
221,299,168,61,94,225,109,284, 
216,103,26,64,173,3,124,94, 
122,40,302,314,362,84,370,59, 
77,233,160,273,387,8,236,337, 
377,271,389,170,130,72,277,369, 
199,394,72,77,310,0,138,24, 
358,54,350,180,154,348,255,17, 
146,186,70,308,96,175,102,25, 
177,207,196,370,168,286,349,133, 
116,127,372,191,118,214,355,17, 
117,212,9,267,239,353,258,166, 
119,217,74,330,226,383,149,142, 
310,161,192,158,149,74,161,138, 
387,351,60,220,31,102,391,298, 
337,317,118,23,319,294,389,189, 
93,244,341,15,354,217,370,317, 
177,238,249,149,227,161,64,284, 
122,358,230,5,121,264,0,221, 
43,291,269,252,196,279,376,361, 
385,191,29,63,218,53,396,139, 
308,173,365,294,43,240,12,184, 
206,103,217,191,202,283,101,250, 
367,37,336,15,20,107,214,203, 
37,103,161,344,330,349,297,86, 
385,84,283,351,285,80,255,384, 
252,325,15,376,323,56,148,313, 
378,26,111,181,395,276,355,304, 
378,189,155,238,166,300,41,184, 
342,232,122,298,91,304,56,176, 
350,293,225,126,167,232,249,135, 
342,367,31,262,362,258,280,217, 
343,84,214,258,236,300,22,210, 
198,257,191,278,132,216,153,8, 
399,231,264,342,173,122,117,201, 
131,221,214,360,24,317,294,77, 
98,100,270,181,246,284,150,319, 
398,373,285,371,13,332,223,78, 
66,331,176,206,63,32,119,188, 
388,124,99,237,175,370,124,327, 
399,201,333,206,316,191,47,23, 
171,146,252,159,273,356,264,379, 
7,233,247,190,316,205,111,200, 
221,350,295,266,193,274,380,20, 
285,208,109,85,216,277,85,252, 
147,201,8,237,78,351,183,24, 
137,68,4,299,289,370,387,39, 
362,322,283,2,268,67,28,279, 
4,216,240,251,286,363,130,399, 
12,388,305,155,278,372,286,202, 
276,119,310,240,399,345,140,165, 
78,5,222,22,278,233,187,33, 
298,109,73,91,323,384,193,327, 
65,387,161,373,53,175,184,30, 
51,2,281,134,6,358,212,220, 
321,175,26,302,392,106,396,220, 
323,256,54,256,350,25,207,184, 
214,61,249,382,201,212,118,85, 
174,169,2,87,186,246,141,304, 
6,263,146,369,77,344,200,67, 
241,192,320,30,190,332,295,158, 
63,97,195,331,208,294,154,243, 
1,224,201,396,212,95,130,247, 
60,119,371,22,93,80,387,172, 
174,311,126,253,222,219,394,217, 
274,187,143,135,287,278,338,175, 
319,132,28,64,70,303,217,388, 
211,286,0,52,173,254,159,128, 
288,137,378,320,148,44,137,330, 
113,211,372,107,308,44,94,37, 
344,191,303,291,176,251,70,378, 
343,319,234,346,68,158,158,112, 
18,151,322,382,183,181,23,202, 
187,253,32,122,209,126,24,67, 
55,343,4,246,123,33,220,369, 
350,120,64,193,385,41,396,174, 
91,135,319,258,394,8,148,333, 
198,193,307,93,365,351,223,85, 
146,232,17,386,202,78,325,271, 
304,74,145,294,62,297,193,157, 
255,333,11,120,133,292,235,64, 
352,360,34,394,108,309,76,142, 
188,159,397,220,332,231,147,393, 
295,6,98,351,207,318,304,317, 
122,326,282,48,319,342,260,292, 
390,72,69,71,289,0,72,111, 
129,19,139,64,182,121,105,92, 
18,224,96,165,342,263,7,103, 
231,65,146,237,138,299,167,137, 
72,62,384,272,181,198,298,360, 
214,59,321,32,15,250,359,154, 
178,323,34,287,2,28,274,14, 
335,321,383,217,209,325,375,276, 
137,191,273,18,376,343,17,181, 
202,343,270,239,203,359,214,388, 
342,134,21,339,211,260,392,366, 
32,348,205,170,286,315,61,16, 
324,195,157,120,302,333,337,120, 
274,64,298,333,97,251,377,252, 
384,89,387,59,357,312,34,301, 
193,195,319,162,192,163,172,203, 
349,154,322,348,81,55,10,261, 
288,217,109,102,396,238,249,264, 
60,98,60,176,169,375,18,105, 
321,260,257,202,392,107,275,118, 
130,116,340,144,341,191,350,175, 
196,88,323,274,274,186,222,264, 
96,92,30,238,363,295,95,380, 
263,321,265,133,118,211,193,204, 
117,124,338,267,198,143,18,231, 
319,182,229,324,94,151,3,84, 
331,89,219,140,393,224,261,357, 
20,190,45,214,173,16,262,42, 
290,92,183,38,86,266,136,376, 
304,60,211,211,265,117,192,24, 
132,10,231,109,12,354,95,205, 
166,98,72,124,11,356,152,369, 
147,335,393,267,25,1,145,360, 
325,215,39,206,178,138,252,20, 
202,194,24,146,240,225,105,82, 
61,140,65,41,154,267,106,357, 
154,107,132,277,89,47,134,298, 
77,192,164,41,229,114,361,188, 
142,338,99,319,203,3,188,298, 
161,147,137,210,255,94,280,311, 
130,227,268,369,336,251,139,54, 
0,210,83,125,94,69,0,391, 
378,358,359,180,253,146,10,313, 
306,286,358,337,372,27,35,6, 
321,241,351,234,24,398,118,125, 
61,376,352,242,337,97,155,1, 
391,245,61,306,324,38,306,209, 
292,37,257,375,137,43,205,88, 
388,125,314,95,399,264,11,357, 
265,65,126,232,163,283,302,378, 
259,386,357,176,159,289,129,355, 
208,146,174,119,81,189,89,126, 
295,34,159,271,291,276,1,135, 
124,181,25,101,282,90,205,88, 
281,126,21,130,350,153,76,180, 
95,357,56,161,73,46,282,76, 
225,203,54,261,83,343,28,129, 
39,303,126,43,331,162,175,149, 
162,54,318,307,102,65,38,18, 
89,251,117,384,276,327,68,297, 
325,98,206,226,304,208,238,191, 
381,222,308,229,368,266,85,76, 
204,258,147,172,319,139,201,168, 
284,301,223,301,55,231,221,354, 
148,211,45,74,391,53,183,270, 
377,36,386,147,33,125,69,386, 
249,23,301,124,64,110,189,220, 
259,385,14,283,55,30,343,120, 
125,167,218,70,176,386,33,20, 
276,337,290,238,261,360,233,319, 
110,369,209,322,219,334,55,78, 
88,364,153,149,339,77,228,345, 
25,370,67,200,329,104,336,251, 
360,21,58,45,167,312,347,80, 
112,181,349,200,40,67,139,43, 
299,378,37,317,251,310,181,261, 
63,42,5,13,396,36,199,248, 
188,228,22,61,219,208,284,211, 
381,254,297,102,164,257,44,155, 
308,86,67,215,88,32,273,76, 
206,122,319,49,156,68,192,239, 
146,98,46,237,150,322,174,221, 
235,277,322,106,126,348,280,193, 
138,15,307,63,187,53,15,230, 
221,34,349,153,43,102,66,294, 
260,45,61,19,290,15,69,343, 
249,331,332,106,103,386,24,166, 
101,128,204,23,305,374,217,265, 
143,385,20,101,250,296,121,351, 
307,146,51,159,388,384,185,10, 
4,151,36,244,225,92,150,194, 
226,135,282,49,200,165,44,72, 
187,323,229,25,213,96,111,35, 
307,166,332,338,141,225,373,230, 
151,239,23,117,351,153,97,133, 
19,142,46,73,49,319,335,180, 
269,315,44,271,145,347,246,208, 
157,213,106,371,188,305,271,335, 
144,129,228,123,11,25,84,233, 
10,315,146,124,223,34,207,55, 
81,117,355,41,146,312,101,231, 
104,333,188,57,78,352,345,254, 
15,143,200,269,8,378,74,185, 
142,5,141,378,281,72,304,10, 
344,261,135,62,165,140,284,270, 
166,350,358,289,364,11,361,108, 
82,343,124,262,379,279,241,208, 
274,144,156,349,108,184,105,123, 
373,27,295,188,36,88,366,386, 
266,317,127,222,286,346,335,171, 
331,113,130,334,170,130,184,99, 
132,93,53,311,70,236,308,238, 
183,237,388,40,135,37,348,199, 
21,120,261,358,71,256,247,218, 
336,157,235,82,76,118,113,226, 
310,203,270,296,376,334,96,57, 
50,340,97,21,30,131,152,350, 
231,133,182,387,315,389,248,268, 
34,286,259,387,89,328,61,8, 
292,306,251,270,48,269,370,294, 
42,179,398,135,344,366,85,101, 
139,264,83,379,353,257,34,230, 
250,190,353,227,127,232,199,90, 
244,51,47,93,269,52,384,129, 
62,306,213,395,292,79,350,84, 
199,312,169,85,351,133,86,211, 
1,286,255,35,109,284,302,280, 
226,273,107,373,86,192,110,380, 
277,229,279,115,286,150,199,236, 
217,124,215,385,228,305,373,18, 
93,329,347,24,218,130,176,253, 
87,188,316,85,313,38,199,30, 
1,172,309,134,109,146,155,352, 
262,109,212,338,300,248,192,168, 
72,361,340,22,164,88,333,139, 
38,156,274,20,144,86,68,187, 
266,242,162,381,224,303,237,197, 
377,326,254,287,362,90,156,360, 
63,251,373,338,250,182,357,91, 
190,229,154,262,195,313,53,125, 
342,271,376,280,2,318,195,69, 
226,151,327,127,116,370,391,71, 
54,181,379,254,76,103,113,160, 
26,299,156,194,244,230,151,344, 
45,54,201,193,6,306,179,284, 
388,376,380,55,322,317,11,49, 
217,308,326,337,169,305,340,32, 
155,255,302,65,205,182,365,309, 
209,200,298,241,334,298,360,10, 
150,293,137,349,360,154,284,62, 
224,155,30,261,359,334,155,138, 
380,114,386,30,7,193,153,27, 
93,251,43,139,190,386,225,298, 
45,113,242,219,337,220,56,132, 
210,374,137,25,291,81,228,23, 
99,164,388,377,43,326,133,267, 
147,162,152,285,85,47,258,128, 
338,330,203,278,388,47,125,299, 
361,264,290,204,286,50,24,137, 
109,342,393,387,207,235,253,112, 
50,58,88,351,135,276,22,311, 
383,335,282,84,42,50,148,394, 
102,397,279,93,81,143,254,48, 
158,161,152,273,264,297,306,176, 
79,340,333,164,230,388,255,291, 
261,43,265,313,375,357,131,0, 
332,247,360,16,233,382,262,358, 
277,194,184,316,377,12,338,105, 
274,9,376,273,149,264,86,109, 
197,184,36,197,238,42,289,281, 
110,19,139,122,332,136,276,229, 
324,83,112,29,305,352,232,173, 
230,22,144,360,56,301,332,241, 
368,284,305,350,302,150,71,357, 
383,371,336,14,360,31,323,369, 
327,229,25,364,368,95,185,203, 
382,193,264,192,192,111,127,62, 
