57,387,200,389,285,52,340,384, 
213,94,288,275,394,268,283,28, 
30,331,202,286,343,33,2,336, 
129,71,367,225,261,70,330,38, 
121,310,194,102,362,333,149,376, 
270,113,65,220,277,359,224,93, 
253,166,393,44,223,248,116,68, 
119,122,328,282,268,399,313,286, 
271,85,55,181,197,194,163,233, 
228,220,360,7,56,367,165,58, 
249,65,78,397,135,229,156,211, 
28,170,169,66,336,368,201,155, 
53,379,31,99,309,23,338,53, 
379,71,4,48,154,113,383,311, 
314,345,129,149,240,82,49,48, 
116,292,88,213,88,18,64,156, 
46,356,371,283,114,278,303,160, 
226,340,282,171,283,380,347,289, 
74,399,321,173,6,255,299,43, 
308,323,134,155,191,145,29,270, 
385,160,164,23,164,134,118,26, 
92,24,244,325,331,250,150,123, 
196,298,298,318,15,193,376,354, 
257,361,314,350,329,37,106,30, 
161,101,396,213,97,239,326,295, 
18,254,319,28,167,116,60,257, 
310,141,13,341,361,284,191,392, 
208,29,98,230,28,166,96,197, 
102,256,248,345,74,224,24,132, 
193,164,388,346,25,377,336,282, 
21,276,256,19,190,144,251,209, 
96,5,263,70,72,44,352,280, 
333,120,356,235,335,292,65,379, 
160,308,116,338,18,239,91,230, 
259,398,271,192,360,142,60,225, 
5,73,36,366,374,189,310,7, 
119,164,277,237,226,327,361,367, 
223,210,232,384,289,342,185,121, 
116,396,319,311,38,137,149,232, 
57,68,257,342,298,372,217,154, 
237,27,336,271,185,142,195,176, 
132,162,112,213,88,211,162,187, 
386,295,294,25,143,344,387,288, 
147,131,149,275,124,234,323,96, 
270,324,190,178,79,83,34,362, 
33,352,116,119,39,231,329,110, 
55,107,111,21,3,285,122,127, 
76,7,268,238,290,186,5,270, 
247,348,384,52,295,12,363,60, 
231,36,363,137,34,154,279,74, 
379,64,216,183,311,315,213,157, 
286,310,261,62,298,308,11,256, 
244,70,292,193,394,362,128,278, 
197,380,134,281,305,123,308,221, 
164,81,201,294,88,327,201,167, 
333,191,10,179,367,207,131,344, 
73,161,157,125,220,201,110,173, 
311,319,143,115,361,357,283,177, 
165,297,287,320,228,263,182,30, 
33,257,282,273,375,18,227,329, 
210,197,362,130,382,380,399,9, 
343,86,225,67,352,390,28,331, 
331,236,20,257,315,179,24,354, 
13,123,362,3,203,29,88,97, 
365,112,164,396,148,10,144,111, 
49,270,182,81,73,317,111,129, 
274,281,213,281,127,51,14,209, 
5,304,119,59,359,171,248,333, 
29,382,145,170,280,183,186,179, 
38,177,269,199,292,312,230,40, 
282,97,309,212,94,305,293,61, 
45,287,60,181,272,304,20,82, 
372,221,394,180,132,170,312,34, 
270,284,82,345,195,64,320,149, 
194,93,187,90,35,345,169,339, 
227,200,183,53,193,248,348,114, 
64,202,100,132,239,384,344,271, 
307,189,326,34,163,10,149,35, 
376,105,361,220,83,55,193,303, 
321,378,44,106,14,259,231,28, 
326,4,55,297,81,248,45,351, 
180,305,2,287,198,68,202,30, 
390,4,84,224,192,318,288,377, 
181,343,132,332,21,134,51,41, 
66,354,38,168,127,285,86,108, 
254,306,227,189,341,200,18,145, 
204,373,390,380,208,322,63,246, 
79,54,282,219,212,32,219,168, 
86,165,100,340,342,286,306,184, 
131,10,22,187,399,20,269,25, 
43,231,186,166,341,284,158,61, 
357,202,296,252,335,81,135,385, 
168,108,112,91,330,207,166,127, 
237,348,109,51,139,125,201,13, 
269,202,242,75,50,256,194,46, 
336,210,64,290,62,174,237,66, 
197,169,119,160,72,111,243,265, 
70,259,151,393,254,19,181,263, 
192,352,188,293,300,352,129,237, 
187,16,159,142,18,156,308,395, 
302,150,177,197,116,28,392,118, 
348,320,177,56,250,106,53,184, 
283,203,398,37,125,370,373,180, 
386,215,234,39,149,76,14,106, 
321,172,81,349,250,294,164,369, 
76,257,115,90,147,361,112,99, 
237,336,211,168,311,316,342,281, 
393,285,22,278,14,334,31,275, 
324,200,307,124,65,73,80,249, 
125,59,100,53,84,335,245,174, 
398,92,69,122,25,71,374,163, 
156,80,212,376,103,399,132,94, 
220,331,375,48,160,167,251,166, 
312,18,207,7,97,84,174,313, 
373,235,278,304,73,366,242,345, 
223,321,259,346,29,265,47,46, 
38,389,227,397,232,243,98,129, 
230,22,285,227,292,311,271,226, 
297,108,184,362,218,206,246,392, 
181,156,330,358,64,328,32,200, 
201,1,87,265,196,14,0,221, 
387,224,311,279,64,386,223,94, 
155,127,364,188,110,73,210,308, 
397,59,15,167,162,120,366,299, 
36,24,137,253,127,375,231,215, 
332,179,254,257,309,257,172,124, 
378,346,229,353,368,256,152,194, 
173,195,352,304,323,396,370,141, 
387,161,158,53,9,357,120,346, 
202,47,134,158,117,215,355,5, 
160,226,168,364,283,118,31,306, 
183,110,31,296,282,91,10,107, 
2,139,251,294,122,309,75,227, 
236,150,294,329,94,358,370,58, 
85,178,283,66,352,371,93,375, 
82,292,335,140,179,255,175,52, 
190,51,156,140,29,153,24,391, 
390,222,253,226,245,13,114,361, 
281,216,240,297,19,173,245,383, 
227,35,101,16,393,389,259,96, 
179,13,256,306,214,166,127,111, 
212,212,186,354,306,61,328,38, 
93,351,331,344,48,395,42,8, 
391,225,200,239,127,7,177,64, 
162,268,144,385,171,303,363,176, 
332,345,21,124,375,318,250,333, 
264,375,167,182,17,150,379,345, 
283,329,273,83,83,184,124,272, 
287,387,18,257,247,194,295,359, 
24,382,182,222,94,352,30,81, 
292,149,185,165,270,43,159,247, 
351,367,182,282,232,162,339,229, 
262,219,131,256,73,386,345,44, 
247,261,240,282,78,186,333,322, 
303,187,264,338,354,32,317,163, 
62,398,364,49,169,176,186,379, 
284,195,147,111,191,38,382,137, 
115,256,124,346,325,70,64,94, 
88,87,146,259,213,224,199,10, 
370,204,395,43,49,347,152,214, 
266,352,395,262,272,31,197,50, 
365,171,271,185,144,124,335,233, 
363,391,316,323,34,124,356,94, 
269,399,383,399,56,138,333,370, 
348,307,183,89,115,316,242,166, 
118,126,342,59,6,335,114,282, 
33,247,271,23,140,300,128,177, 
192,318,101,105,246,153,21,386, 
188,190,368,204,145,175,1,237, 
221,370,171,205,29,129,317,268, 
70,244,19,371,235,321,236,210, 
168,145,117,383,276,193,218,58, 
92,245,101,350,68,115,39,304, 
281,27,139,202,46,169,179,21, 
12,381,31,386,118,115,29,97, 
209,122,207,30,228,254,187,235, 
78,189,97,314,98,285,80,256, 
130,392,110,55,224,309,250,60, 
233,367,239,113,47,319,358,168, 
108,85,144,327,43,144,251,386, 
396,80,326,274,130,267,40,75, 
241,326,202,74,86,341,299,200, 
376,197,14,94,4,305,292,379, 
243,175,67,333,58,323,295,256, 
7,242,395,303,110,114,96,243, 
357,87,258,391,37,146,370,70, 
197,243,14,106,277,16,102,145, 
181,204,77,246,289,255,237,309, 
285,39,258,334,175,389,25,326, 
386,236,238,321,194,172,344,178, 
342,148,366,305,283,113,258,38, 
199,349,297,32,38,84,223,368, 
103,282,116,399,9,170,207,399, 
321,304,5,325,55,90,38,103, 
171,175,17,210,294,336,14,222, 
10,375,331,259,340,348,108,239, 
129,238,294,319,396,93,258,4, 
187,93,242,305,194,135,293,31, 
217,105,222,289,306,95,228,118, 
362,374,36,96,68,282,93,201, 
163,35,313,59,156,264,0,126, 
59,60,275,45,342,369,62,367, 
111,292,265,98,234,138,141,274, 
50,304,73,147,324,320,295,96, 
398,141,114,232,149,353,188,240, 
38,145,212,246,202,224,105,283, 
293,320,73,167,363,250,208,176, 
216,122,234,362,146,297,206,258, 
323,248,109,284,320,360,77,154, 
187,34,375,143,209,94,353,117, 
124,346,246,267,251,259,244,286, 
233,134,211,45,300,314,347,19, 
204,109,232,124,22,101,186,174, 
189,32,227,30,120,104,61,206, 
245,316,308,290,60,105,55,203, 
318,212,366,345,352,379,44,292, 
308,285,88,53,320,162,95,86, 
286,318,5,323,222,249,223,390, 
179,323,361,72,30,82,176,223, 
130,321,302,79,218,309,189,292, 
328,9,196,388,343,126,302,251, 
399,355,281,178,157,189,39,99, 
180,395,337,386,197,50,307,275, 
315,248,132,125,42,134,201,218, 
384,65,214,193,355,98,212,312, 
79,193,310,155,266,382,292,217, 
234,373,154,254,53,354,298,127, 
104,305,376,254,105,54,163,195, 
214,326,153,298,330,147,213,292, 
146,81,75,52,207,371,27,145, 
60,254,375,226,165,367,71,270, 
287,66,31,319,82,43,138,290, 
366,261,271,386,22,9,249,61, 
350,234,66,76,211,223,374,57, 
260,364,52,161,396,378,394,99, 
85,14,341,245,317,318,269,350, 
396,161,385,54,302,348,340,129, 
336,93,269,64,237,107,157,203, 
65,168,383,339,141,369,280,341, 
320,202,257,247,271,273,227,19, 
127,170,252,39,182,343,88,267, 
294,292,107,281,31,69,170,386, 
270,175,391,353,313,245,309,119, 
78,190,305,233,358,46,275,289, 
399,389,334,119,88,173,137,71, 
203,276,96,323,302,225,273,286, 
397,126,262,129,191,1,67,339, 
73,32,154,70,258,135,136,215, 
41,7,250,28,351,261,54,22, 
178,61,86,107,306,391,385,30, 
119,37,350,340,55,11,383,143, 
36,32,0,73,109,350,323,282, 
71,354,276,356,316,239,113,61, 
285,36,50,98,213,259,334,61, 
307,347,222,130,189,286,41,72, 
98,192,63,168,297,309,237,84, 
245,184,143,88,366,134,67,116, 
203,192,123,381,112,125,325,12, 
382,232,323,374,126,113,342,224, 
222,88,169,70,157,341,394,206, 
149,291,357,124,392,257,214,36, 
203,191,60,298,323,360,273,85, 
367,298,221,348,230,35,351,197, 
80,246,238,87,143,215,162,395, 
13,288,238,90,332,146,175,331, 
296,177,395,163,190,332,393,19, 
373,228,163,67,32,132,259,4, 
67,394,361,286,396,2,190,90, 
332,105,393,97,5,176,154,217, 
281,206,110,394,223,162,290,128, 
33,373,178,196,386,42,90,134, 
62,51,346,24,275,161,142,379, 
95,379,337,202,346,261,172,324, 
0,227,287,186,135,245,370,65, 
206,80,281,106,374,354,372,278, 
362,280,357,184,264,108,90,110, 
51,194,5,236,124,280,259,80, 
147,126,129,193,46,226,122,96, 
162,110,84,316,127,189,41,55, 
8,165,83,325,5,386,186,141, 
193,237,15,58,96,252,45,325, 
217,312,305,55,71,303,89,251, 
31,25,176,241,50,347,376,150, 
74,36,281,334,335,391,3,217, 
234,2,166,148,310,175,74,230, 
299,82,350,185,326,213,331,47, 
167,56,291,94,145,156,390,197, 
137,354,245,202,182,317,361,212, 
314,245,110,113,166,38,261,379, 
116,258,11,277,292,89,184,328, 
269,7,235,153,148,385,214,376, 
73,216,220,134,377,348,39,347, 
284,142,363,70,274,66,260,260, 
329,171,239,269,14,175,354,300, 
236,79,193,266,349,382,386,189, 
259,50,308,75,102,261,36,132, 
173,211,57,178,124,266,129,153, 
209,324,233,372,379,45,313,85, 
118,113,273,93,172,56,206,304, 
353,42,346,144,229,142,104,98, 
293,121,232,393,324,301,46,104, 
313,377,341,130,223,74,290,392, 
129,210,293,343,14,304,4,210, 
390,394,302,208,286,356,5,147, 
271,340,248,107,156,11,118,339, 
290,113,86,267,392,289,274,40, 
317,353,154,64,387,187,123,11, 
148,220,230,389,50,206,54,217, 
319,300,350,253,212,87,78,301, 
291,324,291,247,33,73,76,301, 
373,188,157,372,213,45,78,47, 
131,329,204,186,20,121,117,263, 
95,394,91,257,99,336,240,238, 
312,271,255,317,361,303,224,372, 
243,171,333,64,143,320,180,339, 
13,287,3,303,107,346,51,340, 
170,381,163,209,2,41,202,54, 
165,9,125,229,258,156,160,71, 
373,314,392,262,368,76,11,235, 
123,187,11,397,246,90,379,162, 
191,215,36,157,90,394,237,171, 
243,90,391,304,284,181,379,155, 
260,40,101,93,175,269,145,237, 
365,242,57,50,111,177,201,235, 
117,69,388,334,388,108,398,161, 
306,69,364,131,398,24,160,84, 
186,133,232,103,41,190,191,268, 
329,384,36,29,44,255,278,132, 
304,52,72,338,232,54,39,190, 
82,112,78,85,260,43,108,118, 
282,203,118,331,348,244,280,256, 
169,1,197,259,177,381,185,71, 
166,277,145,48,66,76,214,28, 
161,153,220,311,383,391,363,271, 
203,393,334,160,302,204,366,347, 
113,26,395,37,6,31,282,98, 
298,348,383,317,308,230,264,9, 
40,208,91,90,284,119,71,327, 
307,73,369,242,198,371,9,236, 
180,189,298,327,242,198,328,60, 
51,105,62,183,314,6,190,358, 
172,42,285,276,360,348,272,183, 
347,36,231,264,185,71,376,153, 
221,237,77,334,101,280,220,79, 
282,368,168,293,250,222,58,56, 
216,49,283,367,50,60,285,61, 
50,1,354,252,296,166,205,223, 
397,293,13,339,395,242,363,258, 
213,273,194,326,84,377,67,148, 
133,153,235,123,260,272,24,49, 
351,387,39,294,335,350,71,304, 
369,2,27,6,199,46,146,137, 
41,198,330,112,276,86,173,348, 
87,115,275,189,75,278,70,31, 
293,280,154,110,18,0,309,104, 
325,367,162,148,251,298,355,325, 
64,341,100,203,175,285,14,76, 
71,284,2,113,220,271,265,187, 
128,71,18,374,246,387,86,394, 
195,262,219,351,329,273,320,225, 
193,349,277,198,6,15,64,96, 
30,58,330,235,67,335,241,287, 
13,361,175,166,168,28,356,395, 
239,147,210,249,239,68,48,219, 
95,187,306,243,366,175,193,230, 
199,35,72,242,347,223,386,224, 
82,339,188,313,344,204,188,145, 
319,29,306,13,392,46,124,249, 
304,98,37,236,25,71,332,108, 
208,2,195,222,43,91,269,75, 
108,364,394,329,312,321,133,146, 
282,389,155,215,313,354,237,69, 
13,249,382,315,59,372,225,44, 
327,206,55,334,43,235,41,373, 
152,201,94,386,95,195,127,17, 
147,150,381,79,6,33,342,71, 
335,219,10,19,141,219,56,286, 
301,32,211,206,131,238,229,166, 
369,246,288,293,55,256,116,297, 
338,48,185,265,71,142,239,275, 
25,18,113,387,350,74,377,392, 
47,157,60,227,136,295,89,204, 
317,315,224,274,155,183,155,127, 
126,316,52,47,375,70,139,392, 
341,271,214,268,28,240,356,196, 
315,52,79,375,57,250,210,232, 
163,97,292,155,121,185,58,37, 
47,299,35,243,311,130,320,92, 
98,286,78,26,166,126,35,300, 
1,397,110,120,34,0,173,322, 
188,102,73,121,146,49,333,69, 
28,132,229,86,124,51,153,120, 
91,100,24,223,25,87,247,162, 
191,292,21,356,194,353,317,386, 
235,279,91,154,46,360,168,211, 
322,209,125,126,324,46,143,62, 
229,117,90,358,370,305,283,320, 
215,12,129,314,151,266,83,130, 
202,45,94,331,203,392,198,309, 
114,329,113,84,374,21,211,152, 
